2 5306 16 27 7 573593
3 5300 48 159 7 573610
2 5307 16 27 7 573643
3 5301 48 159 8 573660
2 5308 16 27 7 573693
3 5302 48 159 7 573710
2 5309 16 27 8 573743
3 5303 48 159 7 573760
2 5310 16 27 7 573793
3 5304 48 159 8 573810
2 5311 16 27 7 573843
3 5305 48 159 7 573860
2 5312 16 27 7 573893
3 5306 48 159 7 573910
2 5313 16 27 7 573943
3 5307 48 159 8 573960
2 5314 16 27 6 573993
3 5308 48 159 8 574010
2 5315 16 27 6 574043
3 5309 48 159 7 574060
2 5316 16 27 8 574094
3 5310 48 159 9 574110
2 5317 16 27 7 574143
3 5311 48 159 8 574160
2 5318 16 27 8 574193
3 5312 48 159 8 574210
2 5319 16 27 7 574243
3 5313 48 159 7 574260
2 5320 16 27 8 574293
3 5314 48 159 7 574310
2 5321 16 27 7 574343
3 5315 48 159 7 574360
2 5322 16 27 7 574393
3 5316 48 159 7 574410
2 5323 16 27 6 574443
3 5317 48 159 8 574461
2 5324 16 27 6 574493
3 5318 48 159 8 574510
2 5325 16 27 6 574543
3 5319 48 159 6 574560
2 5326 16 27 10 574593
3 5320 48 159 7 574610
2 5327 16 27 9 574643
3 5321 48 159 8 574660
2 5328 16 27 8 574693
3 5322 48 159 7 574710
2 5329 16 27 7 574743
3 5323 48 159 7 574760
2 5330 16 27 6 574793
3 5324 48 159 6 574810
2 5331 16 27 7 574844
3 5325 48 159 8 574860
2 5332 16 27 7 574893
3 5326 48 159 7 574910
2 5333 16 27 7 574943
3 5327 48 159 8 574960
2 5334 16 27 8 574993
3 5328 48 159 8 575010
2 5335 16 27 7 575043
3 5329 48 159 8 575060
2 5336 16 27 7 575093
3 5330 48 159 7 575110
2 5337 16 27 8 575143
3 5331 48 159 7 575160
2 5338 16 27 8 575193
3 5332 48 159 8 575210
2 5339 16 27 7 575243
3 5333 48 159 8 575260
2 5340 16 27 6 575293
3 5334 48 159 8 575310
2 5341 16 27 8 575343
3 5335 48 159 7 575360
2 5342 16 27 7 575393
3 5336 48 159 8 575410
2 5343 16 27 7 575443
3 5337 48 159 7 575460
2 5344 16 27 8 575493
3 5338 48 159 9 575510
2 5345 16 27 8 575543
3 5339 48 159 8 575560
2 5346 16 27 7 575593
3 5340 48 159 7 575610
2 5347 16 27 7 575643
3 5341 48 159 7 575660
2 5348 16 27 7 575693
3 5342 48 159 7 575710
2 5349 16 27 7 575743
3 5343 48 159 8 575760
2 5350 16 27 7 575793
3 5344 48 159 7 575810
2 5351 16 27 7 575843
3 5345 48 159 8 575860
2 5352 16 27 7 575893
3 5346 48 159 8 575910
2 5353 16 27 7 575943
3 5347 48 159 8 575960
2 5354 16 27 7 575993
3 5348 48 159 8 576010
2 5355 16 27 8 576043
3 5349 48 159 7 576060
2 5356 16 27 8 576093
3 5350 48 159 7 576110
2 5357 16 27 7 576143
3 5351 48 159 7 576160
2 5358 16 27 7 576193
3 5352 48 159 8 576210
2 5359 16 27 7 576243
3 5353 48 159 8 576260
2 5360 16 28 7 576293
3 5354 48 159 4 576310
2 5361 16 28 7 576343
3 5355 48 159 7 576360
2 5362 16 28 8 576393
3 5356 48 159 7 576410
2 5363 16 28 7 576443
3 5357 48 159 8 576460
2 5364 16 28 7 576493
3 5358 48 159 7 576510
2 5365 16 28 8 576543
3 5359 48 159 8 576560
2 5366 16 28 7 576593
3 5360 48 159 8 576610
2 5367 16 28 7 576643
3 5361 48 159 7 576660
2 5368 16 28 6 576693
3 5362 48 159 8 576710
2 5369 16 28 8 576743
3 5363 48 159 8 576760
2 5370 16 28 9 576793
3 5364 48 159 8 576810
2 5371 16 28 7 576843
3 5365 48 159 8 576860
2 5372 16 28 6 576893
3 5366 48 159 8 576910
2 5373 16 28 8 576943
3 5367 48 159 8 576960
2 5374 16 28 4 576993
3 5368 48 159 8 577010
2 5375 16 28 7 577043
3 5369 48 159 8 577060
2 5376 16 28 7 577093
3 5370 48 159 7 577110
2 5377 16 28 4 577143
3 5371 48 159 8 577160
2 5378 16 28 7 577193
3 5372 48 159 8 577210
2 5379 16 28 8 577243
3 5373 48 159 7 577260
2 5380 16 28 8 577293
3 5374 48 159 9 577310
2 5381 16 28 7 577343
3 5375 48 159 7 577360
2 5382 16 28 8 577393
3 5376 48 159 8 577410
2 5383 16 28 7 577443
3 5377 48 159 7 577460
2 5384 16 28 7 577493
3 5378 48 159 8 577510
2 5385 16 28 6 577543
3 5379 48 159 9 577560
2 5386 16 28 7 577593
3 5380 48 159 7 577610
2 5387 16 28 8 577643
3 5381 48 159 8 577660
2 5388 16 28 8 577693
3 5382 48 159 5 577710
2 5389 16 28 7 577743
3 5383 48 159 8 577760
2 5390 16 28 7 577793
3 5384 48 159 7 577810
2 5391 16 28 7 577843
3 5385 48 159 9 577860
2 5392 16 28 6 577893
3 5386 48 159 7 577910
2 5393 16 28 7 577943
3 5387 48 159 8 577960
2 5394 16 28 7 577993
3 5388 48 159 8 578010
2 5395 16 28 7 578043
3 5389 48 159 7 578060
2 5396 16 28 6 578093
3 5390 48 159 4 578110
2 5397 16 28 8 578143
3 5391 48 159 7 578160
2 5398 16 28 8 578193
3 5392 48 159 3 578210
2 5399 16 28 6 578243
3 5393 48 159 7 578260
2 5400 16 28 7 578293
3 5394 48 159 3 578310
2 5401 16 28 7 578343
3 5395 48 159 8 578360
2 5402 16 28 6 578393
3 5396 48 159 7 578410
2 5403 16 28 5 578443
3 5397 48 159 7 578460
2 5404 16 28 6 578493
3 5398 48 159 8 578510
2 5405 16 28 8 578543
3 5399 48 159 1 578560
2 5406 16 28 7 578593
3 5400 48 159 8 578610
2 5407 16 28 8 578643
3 5401 48 159 7 578660
2 5408 16 28 8 578693
3 5402 48 159 7 578710
2 5409 16 28 0 578743
3 5403 48 159 8 578760
2 5410 16 28 7 578793
3 5404 48 159 8 578810
2 5411 16 28 6 578843
3 5405 48 159 8 578860
2 5412 16 28 7 578893
3 5406 48 159 8 578910
2 5413 16 28 7 578943
3 5407 48 159 8 578960
2 5414 16 28 7 578993
3 5408 48 159 8 579010
2 5415 16 28 8 579043
3 5409 48 159 9 579060
2 5416 16 28 8 579093
3 5410 48 159 13 579110
2 5417 16 28 9 579143
3 5411 48 159 9 579160
2 5418 16 28 7 579194
3 5412 48 159 9 579210
2 5419 16 28 4 579243
3 5413 48 159 8 579260
2 5420 16 28 4 579293
3 5414 48 159 7 579310
2 5421 16 28 7 579343
3 5415 48 159 8 579360
2 5422 16 28 7 579393
3 5416 48 159 6 579410
2 5423 16 28 8 579443
3 5417 48 159 7 579460
2 5424 16 28 8 579493
3 5418 48 159 7 579510
2 5425 16 28 8 579543
3 5419 48 159 8 579560
2 5426 16 28 7 579593
3 5420 48 159 8 579610
2 5427 16 28 7 579643
3 5421 48 159 8 579660
2 5428 16 28 7 579693
3 5422 48 159 7 579710
2 5429 16 28 7 579743
3 5423 48 159 7 579760
2 5430 16 28 7 579793
3 5424 48 159 8 579810
2 5431 16 28 8 579843
3 5425 48 159 8 579860
2 5432 16 28 7 579893
3 5426 48 159 7 579910
2 5433 16 28 7 579943
3 5427 48 159 7 579960
2 5434 16 28 8 579993
3 5428 48 159 7 580010
2 5435 16 28 7 580043
3 5429 48 159 7 580060
2 5436 16 28 7 580093
3 5430 48 159 6 580110
2 5437 16 28 6 580143
3 5431 48 159 8 580160
2 5438 16 28 8 580193
3 5432 48 159 8 580210
2 5439 16 28 6 580243
3 5433 48 159 8 580260
2 5440 16 28 7 580293
3 5434 48 159 7 580310
2 5441 16 28 8 580343
3 5435 48 159 7 580360
2 5442 16 28 7 580393
3 5436 48 159 8 580410
2 5443 16 28 8 580443
3 5437 48 159 8 580460
2 5444 16 28 7 580493
3 5438 48 159 8 580510
2 5445 16 28 6 580543
3 5439 48 159 7 580560
2 5446 16 28 7 580593
3 5440 48 159 8 580610
2 5447 16 28 6 580643
3 5441 48 159 7 580660
2 5448 16 28 7 580693
3 5442 48 159 11 580710
2 5449 16 28 9 580743
3 5443 48 159 8 580760
2 5450 16 28 7 580793
3 5444 48 159 8 580810
2 5451 16 28 7 580843
3 5445 48 159 8 580860
2 5452 16 28 8 580893
3 5446 48 159 8 580910
2 5453 16 28 7 580943
3 5447 48 159 8 580960
2 5454 16 28 8 580993
3 5448 48 159 7 581010
2 5455 16 28 8 581043
3 5449 48 159 7 581060
2 5456 16 28 6 581093
3 5450 48 159 7 581110
2 5457 16 28 2 581143
3 5451 48 159 8 581160
2 5458 16 28 8 581193
3 5452 48 159 7 581210
2 5459 16 28 7 581243
3 5453 48 159 7 581260
2 5460 16 28 7 581293
3 5454 48 159 9 581310
2 5461 16 28 5 581343
3 5455 48 159 7 581360
2 5462 16 28 7 581393
3 5456 48 159 8 581410
2 5463 16 28 6 581444
3 5457 48 159 8 581460
2 5464 16 28 7 581493
3 5458 48 159 7 581510
2 5465 16 28 6 581543
3 5459 48 159 7 581560
2 5466 16 28 7 581593
3 5460 48 159 6 581610
2 5467 16 28 8 581643
3 5461 48 159 8 581660
2 5468 16 28 11 581693
3 5462 48 159 8 581710
2 5469 16 28 7 581743
3 5463 48 159 7 581760
2 5470 16 28 7 581793
3 5464 48 159 8 581969
2 5471 16 28 7 581998
3 5465 48 159 9 582168
2 5472 16 28 6 582198
3 5466 48 159 8 582368
2 5473 16 28 7 582398
3 5467 48 159 7 582568
2 5474 16 28 7 582598
3 5468 48 159 7 582768
2 5475 16 28 8 582798
3 5469 48 159 9 582968
2 5476 16 28 5 582998
3 5470 48 159 8 583168
2 5477 16 28 7 583198
3 5471 48 159 5 583368
2 5478 16 28 8 583398
3 5472 48 159 8 583568
2 5479 16 28 8 583598
3 5473 48 159 8 583768
2 5480 16 28 8 583798
3 5474 48 159 7 583968
2 5481 16 28 7 583998
3 5475 48 159 7 584168
2 5482 16 28 7 584198
3 5476 48 159 10 584368
2 5483 16 28 5 584398
3 5477 48 159 10 584568
2 5484 16 28 7 584598
3 5478 48 159 7 584768
2 5485 16 28 4 584798
3 5479 48 159 9 584968
2 5486 16 28 8 584998
3 5480 48 159 8 585168
2 5487 16 28 6 585198
3 5481 48 159 0 585368
2 5488 16 28 7 585398
3 5482 48 159 8 585568
2 5489 16 28 7 585598
3 5483 48 159 9 585768
2 5490 16 28 7 585798
3 5484 48 159 8 585968
2 5491 16 28 8 585998
3 5485 48 159 7 586168
2 5492 16 28 7 586198
3 5486 48 159 8 586368
2 5493 16 28 7 586398
3 5487 48 159 8 586568
2 5494 16 28 8 586598
3 5488 48 159 8 586768
2 5495 16 28 8 586798
3 5489 48 159 6 586968
2 5496 16 28 7 586998
3 5490 48 159 8 587168
2 5497 16 28 7 587198
3 5491 48 159 7 587368
2 5498 16 28 7 587398
3 5492 48 159 8 587568
2 5499 16 28 7 587598
3 5493 48 159 8 587768
2 5500 16 28 8 587798
3 5494 48 159 7 587968
2 5501 16 28 7 587998
3 5495 48 159 7 588168
2 5502 16 28 8 588198
3 5496 48 159 8 588368
2 5503 16 28 7 588398
3 5497 48 159 6 588568
2 5504 16 28 8 588598
3 5498 48 159 8 588768
2 5505 16 28 7 588798
3 5499 48 159 2 588968
2 5506 16 28 9 588998
3 5500 48 159 8 589168
2 5507 16 28 7 589198
3 5501 48 159 8 589368
2 5508 16 28 7 589398
3 5502 48 159 8 589568
2 5509 16 28 7 589598
3 5503 48 159 8 589768
2 5510 16 28 7 589798
3 5504 48 159 7 589968
2 5511 16 28 8 589998
3 5505 48 159 7 590168
2 5512 16 28 7 590198
3 5506 48 159 7 590368
2 5513 16 28 8 590398
3 5507 48 159 6 590568
2 5514 16 28 7 590598
3 5508 48 159 8 590768
2 5515 16 28 8 590798
3 5509 48 159 7 590968
2 5516 16 28 7 590998
3 5510 48 159 3 591168
2 5517 16 28 8 591198
3 5511 48 159 8 591368
2 5518 16 28 7 591398
3 5512 48 159 5 591568
2 5519 16 28 6 591598
3 5513 48 159 8 591768
2 5520 16 28 6 591798
3 5514 48 159 7 591968
2 5521 16 28 6 591998
3 5515 48 159 6 592168
2 5522 16 28 8 592198
3 5516 48 159 8 592368
2 5523 16 28 7 592398
3 5517 48 159 8 592568
2 5524 16 28 8 592598
3 5518 48 159 8 592768
2 5525 16 28 10 592798
3 5519 48 159 8 592968
2 5526 16 28 7 592998
3 5520 48 159 6 593168
2 5527 16 28 7 593198
3 5521 48 159 8 593368
2 5528 16 28 8 593398
3 5522 48 159 5 593568
2 5529 16 28 7 593598
3 5523 48 159 7 593768
2 5530 16 28 7 593798
3 5524 48 159 8 593968
2 5531 16 28 7 593998
3 5525 48 159 8 594168
2 5532 16 28 7 594198
3 5526 48 159 7 594368
2 5533 16 28 8 594398
3 5527 48 159 8 594568
2 5534 16 28 7 594598
3 5528 48 159 7 594768
2 5535 16 28 8 594798
3 5529 48 159 7 594968
2 5536 16 28 1 594998
3 5530 48 159 4 595168
2 5537 16 28 7 595198
3 5531 48 159 9 595368
2 5538 16 28 6 595398
3 5532 48 159 7 595568
2 5539 16 28 7 595598
3 5533 48 159 6 595768
2 5540 16 28 6 595798
3 5534 48 159 7 595968
2 5541 16 28 7 595998
3 5535 48 159 7 596168
2 5542 16 28 7 596198
3 5536 48 159 7 596368
2 5543 16 28 8 596398
3 5537 48 159 10 596568
2 5544 16 28 7 596598
3 5538 48 159 8 596768
2 5545 16 28 7 596798
3 5539 48 159 8 596968
2 5546 16 28 7 596998
3 5540 48 159 7 597168
2 5547 16 28 6 597198
3 5541 48 159 7 597368
2 5548 16 28 7 597398
3 5542 48 159 7 597568
2 5549 16 28 7 597598
3 5543 48 159 7 597768
2 5550 16 28 6 597798
3 5544 48 159 7 597968
2 5551 16 28 7 597998
3 5545 48 159 8 598168
2 5552 16 28 7 598198
3 5546 48 159 8 598368
2 5553 16 28 7 598398
3 5547 48 159 8 598568
2 5554 16 28 8 598598
3 5548 48 159 7 598768
2 5555 16 28 7 598798
3 5549 48 159 8 598968
2 5556 16 28 7 598998
3 5550 48 159 7 599168
2 5557 16 28 8 599198
3 5551 48 159 5 599368
2 5558 16 28 9 599398
3 5552 48 159 7 599568
2 5559 16 28 8 599598
3 5553 48 159 8 599768
2 5560 16 28 8 599798
3 5554 48 159 8 599968
2 5561 16 28 8 599998
3 5555 48 159 5 600168
2 5562 16 28 7 600198
3 5556 48 159 8 600368
2 5563 16 28 9 600398
3 5557 48 159 7 600568
2 5564 16 28 7 600598
3 5558 48 159 7 600768
2 5565 16 28 8 600798
3 5559 48 159 8 600968
2 5566 16 28 6 600998
3 5560 48 159 7 601168
2 5567 16 28 8 601198
3 5561 48 159 8 601368
2 5568 16 28 8 601398
3 5562 48 159 5 601568
2 5569 16 28 6 601598
2 5569 16 28 6 601598
3 5563 48 159 8 601768
2 5570 16 28 6 601798
3 5564 48 159 8 601968
2 5571 16 28 7 601998
3 5565 48 159 7 602168
2 5572 16 28 7 602198
3 5566 48 159 8 602368
2 5573 16 28 7 602398
3 5567 48 159 7 602568
2 5574 16 28 7 602598
3 5568 48 159 8 602768
2 5575 16 28 7 602798
3 5569 48 159 8 602968
2 5576 16 28 8 602998
3 5570 48 159 8 603168
2 5577 16 28 7 603198
3 5571 48 159 9 603368
2 5578 16 28 7 603398
3 5572 48 159 6 603568
2 5579 16 28 7 603598
3 5573 48 159 9 603768
2 5580 16 28 7 603798
3 5574 48 159 8 603968
2 5581 16 28 7 603998
3 5575 48 159 9 604168
2 5582 16 28 6 604198
3 5576 48 159 7 604368
2 5583 16 28 7 604398
3 5577 48 159 1 604568
2 5584 16 28 7 604598
3 5578 48 159 8 604768
2 5585 16 28 8 604798
3 5579 48 159 9 604968
2 5586 16 28 5 604998
3 5580 48 159 7 605168
2 5587 16 28 7 605198
3 5581 48 159 7 605368
2 5588 16 28 7 605398
3 5582 48 159 8 605568
2 5589 16 28 10 605598
3 5583 48 159 7 605768
2 5590 16 28 7 605798
3 5584 48 159 7 605968
2 5591 16 28 7 605998
3 5585 48 159 8 606168
2 5592 16 28 8 606198
3 5586 48 159 9 606368
2 5593 16 28 6 606398
3 5587 48 159 7 606568
2 5594 16 28 6 606598
3 5588 48 159 10 606768
2 5595 16 28 9 606798
3 5589 48 159 8 606968
2 5596 16 28 8 606998
3 5590 48 159 8 607168
2 5597 16 28 7 607198
3 5591 48 159 6 607368
2 5598 16 28 7 607398
3 5592 48 159 4 607568
2 5599 16 28 6 607598
3 5593 48 159 8 607768
2 5600 16 28 8 607798
3 5594 48 159 7 607968
2 5601 16 28 8 607998
3 5595 48 159 8 608168
2 5602 16 28 10 608198
3 5596 48 159 9 608368
2 5603 16 28 5 608398
3 5597 48 159 7 608568
2 5604 16 28 5 608598
3 5598 48 159 5 608768
2 5605 16 28 7 608798
3 5599 48 159 7 608968
2 5606 16 28 6 608998
3 5600 48 159 7 609168
2 5607 16 28 7 609198
3 5601 48 159 7 609368
2 5608 16 28 7 609398
3 5602 48 159 3 609568
2 5609 16 28 7 609598
3 5603 48 159 9 609768
2 5610 16 28 7 609798
3 5604 48 159 9 609968
2 5611 16 28 6 609998
3 5605 48 159 8 610168
2 5612 16 28 7 610198
3 5606 48 159 7 610368
2 5613 16 28 8 610398
3 5607 48 159 10 610568
2 5614 16 28 6 610598
3 5608 48 159 8 610768
2 5615 16 28 9 610798
3 5609 48 159 7 610968
2 5616 16 28 7 610998
3 5610 48 159 7 611168
2 5617 16 28 8 611198
3 5611 48 159 5 611368
2 5618 16 28 7 611398
3 5612 48 159 8 611568
2 5619 16 28 7 611598
3 5613 48 159 6 611768
2 5620 16 28 8 611798
3 5614 48 159 10 611968
2 5621 16 28 8 611998
3 5615 48 159 8 612168
2 5622 16 28 7 612198
3 5616 48 159 8 612368
2 5623 16 28 7 612398
3 5617 48 159 8 612941
2 5624 16 28 7 612972
3 5618 48 159 8 613441
2 5625 16 28 8 613472
3 5619 48 159 8 613941
2 5626 16 28 7 613972
3 5620 48 159 8 614441
2 5627 16 28 7 614472
3 5621 48 159 7 614941
2 5628 16 28 6 614972
3 5622 48 159 6 615441
2 5629 16 28 7 615472
3 5623 48 159 7 615941
2 5630 16 28 7 615972
3 5624 48 159 8 616441
2 5631 16 28 8 616472
3 5625 48 159 8 616941
2 5632 16 28 7 616972
3 5626 48 159 7 617441
2 5633 16 28 8 617472
3 5627 48 159 8 617941
2 5634 16 28 7 617972
3 5628 48 159 8 618441
2 5635 16 28 7 618472
3 5629 48 159 8 618941
2 5636 16 28 9 618972
3 5630 48 159 5 619441
2 5637 16 28 5 619472
3 5631 48 159 7 619941
2 5638 16 28 5 619972
3 5632 48 159 7 620441
2 5639 16 28 7 620472
3 5633 48 159 7 620941
2 5640 16 28 7 620972
3 5634 48 159 7 621441
2 5641 16 28 6 621472
3 5635 48 159 7 621941
2 5642 16 28 7 621972
3 5636 48 159 7 622441
2 5643 16 28 7 622472
3 5637 48 159 6 622941
2 5644 16 28 9 622972
3 5638 48 159 7 623441
2 5645 16 28 8 623472
3 5639 48 159 7 623941
2 5646 16 28 7 623972
3 5640 48 159 6 624441
2 5647 16 28 7 624472
3 5641 48 159 8 624941
2 5648 16 28 7 624972
3 5642 48 159 10 625441
2 5649 16 28 5 625472
3 5643 48 159 7 625941
2 5650 16 28 8 625972
3 5644 48 159 6 626441
2 5651 16 28 8 626472
3 5645 48 159 8 626941
2 5652 16 28 6 626972
3 5646 48 159 7 627441
2 5653 16 28 6 627472
3 5647 48 159 7 627941
2 5654 16 28 6 627972
3 5648 48 159 7 628441
2 5655 16 28 7 628472
3 5649 48 159 7 628941
2 5656 16 28 7 628972
3 5650 48 159 8 629441
2 5657 16 28 7 629472
3 5651 48 159 8 629941
2 5658 16 28 8 629972
3 5652 48 159 8 630441
2 5659 16 28 7 630472
3 5653 48 159 8 630941
2 5660 16 28 7 630972
3 5654 48 159 8 631441
2 5661 16 28 9 631472
3 5655 48 159 6 631941
2 5662 16 28 8 631972
3 5656 48 159 8 632441
2 5663 16 28 9 632472
3 5657 48 159 6 632941
2 5664 16 28 7 632972
3 5658 48 159 7 633441
2 5665 16 28 7 633472
3 5659 48 159 8 633941
2 5666 16 28 7 633972
3 5660 48 159 7 634441
2 5667 16 28 8 634472
3 5661 48 159 8 634941
2 5668 16 28 8 634972
3 5662 48 159 4 635441
2 5669 16 28 7 635472
3 5663 48 159 9 635941
2 5670 16 28 8 635972
3 5664 48 159 5 636441
2 5671 16 28 5 636472
3 5665 48 159 8 636941
2 5672 16 28 7 636972
3 5666 48 159 7 637441
2 5673 16 28 7 637472
3 5667 48 159 7 637941
2 5674 16 28 8 637972
3 5668 48 159 6 638441
2 5675 16 28 5 638472
3 5669 48 159 6 638941
2 5676 16 28 7 638972
3 5670 48 159 7 639441
2 5677 16 28 7 639472
3 5671 48 159 7 639941
2 5678 16 28 7 639972
3 5672 48 159 7 640441
2 5679 16 28 7 640472
3 5673 48 159 12 640941
2 5680 16 28 8 640972
3 5674 48 159 7 641441
2 5681 16 28 10 641472
3 5675 48 159 7 641941
2 5682 16 28 9 641972
3 5676 48 159 7 642441
2 5683 16 28 6 642472
3 5677 48 159 9 642941
2 5684 16 28 6 642972
3 5678 48 159 7 643441
2 5685 16 28 7 643472
3 5679 48 159 7 643941
2 5686 16 28 7 643972
3 5680 48 159 7 644441
2 5687 16 28 7 644472
3 5681 48 159 7 644941
2 5688 16 28 7 644972
3 5682 48 159 7 645441
2 5689 16 28 7 645472
3 5683 48 159 7 645941
2 5690 16 28 7 645972
3 5684 48 159 8 646441
2 5691 16 28 6 646472
3 5685 48 159 7 646941
2 5692 16 28 8 646972
3 5686 48 159 8 647441
2 5693 16 28 7 647472
3 5687 48 159 8 647941
2 5694 16 28 7 647972
3 5688 48 159 11 648441
2 5695 16 28 6 648472
3 5689 48 159 7 648941
2 5696 16 28 6 648972
3 5690 48 159 8 649441
2 5697 16 28 7 649472
3 5691 48 159 7 649941
2 5698 16 28 7 649972
3 5692 48 159 6 650441
2 5699 16 28 8 650472
3 5693 48 159 10 650941
2 5700 16 28 7 650972
3 5694 48 159 7 651441
2 5701 16 28 6 651472
3 5695 48 159 8 651941
2 5702 16 28 7 651972
3 5696 48 159 7 652441
2 5703 16 28 7 652472
3 5697 48 159 8 652941
2 5704 16 28 7 652972
3 5698 48 159 7 653441
2 5705 16 28 7 653472
3 5699 48 159 10 653941
2 5706 16 28 7 653972
3 5700 48 159 7 654441
2 5707 16 28 7 654472
3 5701 48 159 7 654941
2 5708 16 28 6 654972
3 5702 48 159 2 655441
2 5709 16 28 7 655472
3 5703 48 159 7 655941
2 5710 16 28 7 655972
3 5704 48 159 7 656441
2 5711 16 28 7 656472
3 5705 48 159 7 656941
2 5712 16 28 8 656972
3 5706 48 159 7 657441
2 5713 16 28 7 657472
3 5707 48 159 7 657941
2 5714 16 28 5 657972
3 5708 48 159 8 658441
2 5715 16 28 7 658472
3 5709 48 159 8 658941
2 5716 16 28 8 658972
3 5710 48 159 7 659441
2 5717 16 28 9 659472
3 5711 48 159 7 659941
2 5718 16 28 6 659972
3 5712 48 159 7 660441
2 5719 16 28 7 660472
3 5713 48 159 7 660941
2 5720 16 28 7 660972
3 5714 48 159 7 661441
2 5721 16 28 7 661472
3 5715 48 159 7 661941
2 5722 16 28 8 661972
3 5716 48 159 8 662441
2 5723 16 28 7 662472
3 5717 48 159 8 662941
2 5724 16 28 7 662972
3 5718 48 159 7 663441
2 5725 16 28 7 663472
3 5719 48 159 6 663941
2 5726 16 28 6 663972
3 5720 48 159 6 664441
2 5727 16 28 5 664472
3 5721 48 159 8 664941
2 5728 16 28 7 664972
3 5722 48 159 8 665441
2 5729 16 28 8 665472
3 5723 48 159 9 665941
2 5730 16 28 6 665972
3 5724 48 159 7 666420
2 5731 16 28 6 666450
3 5725 48 159 7 666520
2 5732 16 28 4 666550
3 5726 48 159 8 666620
2 5733 16 28 8 666650
3 5727 48 159 8 666720
2 5734 16 28 7 666751
3 5728 48 159 6 666820
2 5735 16 28 6 666850
3 5729 48 159 8 666920
2 5736 16 28 8 666950
3 5730 48 159 8 667020
2 5737 16 28 7 667050
3 5731 48 159 7 667120
2 5738 16 28 7 667150
3 5732 48 159 7 667220
2 5739 16 28 7 667250
3 5733 48 159 6 667320
2 5740 16 28 5 667350
3 5734 48 159 6 667420
2 5741 16 28 8 667450
3 5735 48 159 1 667520
2 5742 16 28 7 667550
3 5736 48 159 7 667620
2 5743 16 28 7 667650
3 5737 48 159 7 667720
2 5744 16 28 4 667750
3 5738 48 159 7 667820
2 5745 16 28 8 667850
3 5739 48 159 8 667920
2 5746 16 28 7 667950
3 5740 48 159 7 668020
2 5747 16 28 9 668050
3 5741 48 159 8 668120
2 5748 16 28 6 668150
3 5742 48 159 6 668220
2 5749 16 28 8 668250
3 5743 48 159 7 668320
2 5750 16 28 8 668350
3 5744 48 159 8 668420
2 5751 16 28 6 668450
3 5745 48 159 8 668520
2 5752 16 28 7 668550
3 5746 48 159 7 668620
2 5753 16 28 5 668650
3 5747 48 159 7 668720
2 5754 16 28 8 668750
3 5748 48 159 7 668820
2 5755 16 28 7 668850
3 5749 48 159 7 668920
2 5756 16 28 7 668950
3 5750 48 159 8 669020
2 5757 16 28 7 669050
3 5751 48 159 8 669120
2 5758 16 28 7 669150
3 5752 48 159 7 669220
2 5759 16 28 7 669251
3 5753 48 159 7 669320
2 5760 16 28 7 669350
3 5754 48 159 0 669420
2 5761 16 28 6 669450
3 5755 48 159 7 669520
2 5762 16 28 9 669550
3 5756 48 159 7 669620
2 5763 16 28 7 669650
3 5757 48 159 7 669720
2 5764 16 28 7 669750
3 5758 48 159 7 669820
2 5765 16 28 8 669850
3 5759 48 159 8 669920
2 5766 16 28 7 669950
3 5760 48 159 7 670020
2 5767 16 28 9 670050
3 5761 48 159 7 670120
2 5768 16 28 7 670150
3 5762 48 159 7 670220
2 5769 16 28 7 670250
3 5763 48 159 6 670320
2 5770 16 28 7 670350
3 5764 48 159 8 670420
2 5771 16 28 7 670450
3 5765 48 159 4 670520
2 5772 16 28 7 670550
3 5766 48 159 7 670620
2 5773 16 28 7 670650
3 5767 48 159 8 670720
2 5774 16 28 7 670750
3 5768 48 159 8 670820
2 5775 16 28 7 670850
3 5769 48 159 4 670920
2 5776 16 28 7 670950
3 5770 48 159 7 671020
2 5777 16 28 8 671050
3 5771 48 159 6 671120
2 5778 16 28 7 671150
3 5772 48 159 6 671220
2 5779 16 28 7 671250
3 5773 48 159 7 671320
2 5780 16 28 9 671350
3 5774 48 159 7 671420
2 5781 16 28 7 671450
3 5775 48 159 7 671520
2 5782 16 28 7 671550
3 5776 48 159 7 671620
2 5783 16 28 8 671651
3 5777 48 159 8 671720
2 5784 16 28 8 671750
3 5778 48 159 7 671820
2 5785 16 28 7 671850
3 5779 48 159 7 671920
2 5786 16 28 7 671950
3 5780 48 159 6 672020
2 5787 16 28 7 672050
3 5781 48 159 7 672120
2 5788 16 28 7 672150
3 5782 48 159 7 672220
2 5789 16 28 7 672250
3 5783 48 159 7 672320
2 5790 16 28 6 672350
3 5784 48 159 6 672420
2 5791 16 28 7 672450
3 5785 48 159 8 672520
2 5792 16 28 8 672550
3 5786 48 159 2 672620
2 5793 16 28 7 672650
3 5787 48 159 8 672720
2 5794 16 28 5 672750
3 5788 48 159 8 672820
2 5795 16 28 6 672850
3 5789 48 159 7 672920
2 5796 16 28 8 672950
3 5790 48 159 8 673020
2 5797 16 28 7 673050
3 5791 48 159 7 673120
2 5798 16 28 6 673150
3 5792 48 159 7 673220
2 5799 16 28 7 673250
3 5793 48 159 7 673320
2 5800 16 28 8 673350
3 5794 48 159 7 673420
2 5801 16 28 8 673450
3 5795 48 159 7 673520
2 5802 16 28 9 673550
3 5796 48 159 1 673620
2 5803 16 28 7 673650
3 5797 48 159 7 673720
2 5804 16 28 6 673750
3 5798 48 159 8 673820
2 5805 16 28 8 673850
3 5799 48 159 5 673920
2 5806 16 28 9 673950
3 5800 48 159 7 674020
2 5807 16 28 7 674050
3 5801 48 159 7 674120
2 5808 16 28 7 674150
3 5802 48 159 8 674220
2 5809 16 28 7 674250
3 5803 48 159 7 674320
2 5810 16 28 7 674350
3 5804 48 159 6 674420
2 5811 16 28 7 674450
3 5805 48 159 8 674520
2 5812 16 28 6 674550
3 5806 48 159 7 674620
2 5813 16 28 8 674650
3 5807 48 159 7 674720
2 5814 16 28 7 674750
3 5808 48 159 8 674820
2 5815 16 28 7 674851
3 5809 48 159 4 674920
2 5816 16 28 7 674950
3 5810 48 159 8 675020
2 5817 16 28 8 675050
3 5811 48 159 10 675120
2 5818 16 28 8 675150
3 5812 48 159 10 675220
2 5819 16 28 6 675250
3 5813 48 159 4 675320
2 5820 16 28 7 675350
3 5814 48 159 8 675420
2 5821 16 28 12 675450
3 5815 48 159 4 675520
2 5822 16 28 8 675550
3 5816 48 159 8 675620
2 5823 16 28 7 675650
3 5817 48 159 8 675720
2 5824 16 28 7 675750
3 5818 48 159 7 675820
2 5825 16 28 7 675850
3 5819 48 159 7 675920
2 5826 16 28 7 675950
3 5820 48 159 6 676020
2 5827 16 28 8 676050
3 5821 48 159 7 676120
2 5828 16 28 6 676150
3 5822 48 159 7 676220
2 5829 16 28 8 676250
3 5823 48 159 6 676320
2 5830 16 28 8 676350
3 5824 48 159 8 676420
2 5831 16 28 7 676450
3 5825 48 159 8 676520
2 5832 16 28 7 676550
3 5826 48 159 7 676620
2 5833 16 28 6 676650
3 5827 48 159 8 676720
2 5834 16 28 7 676750
3 5828 48 159 8 676820
2 5835 16 28 8 676850
3 5829 48 159 8 676920
2 5836 16 28 7 676951
3 5830 48 159 7 677020
2 5837 16 28 6 677050
3 5831 48 159 7 677120
2 5838 16 28 7 677150
3 5832 48 159 8 677220
2 5839 16 28 7 677250
3 5833 48 159 7 677320
2 5840 16 28 6 677350
3 5834 48 159 7 677420
2 5841 16 28 7 677450
3 5835 48 159 8 677520
2 5842 16 28 7 677550
3 5836 48 159 6 677620
2 5843 16 28 8 677650
3 5837 48 159 7 677720
2 5844 16 28 6 677750
3 5838 48 159 7 677820
2 5845 16 28 7 677850
3 5839 48 159 7 677920
2 5846 16 28 8 677950
3 5840 48 159 7 678020
2 5847 16 28 8 678050
3 5841 48 159 7 678120
2 5848 16 28 6 678150
3 5842 48 159 7 678220
2 5849 16 28 7 678250
3 5843 48 159 7 678320
2 5850 16 28 6 678350
3 5844 48 159 9 678420
2 5851 16 28 8 678450
3 5845 48 159 7 678520
2 5852 16 28 7 678550
3 5846 48 159 6 678612
2 5853 16 28 6 678642
3 5847 48 159 7 678662
2 5854 16 28 5 678692
3 5848 48 159 7 678712
2 5855 16 28 6 678742
3 5849 48 159 8 678762
2 5856 16 28 7 678792
3 5850 48 159 7 678812
2 5857 16 28 11 678842
3 5851 48 159 8 678862
2 5858 16 28 7 678892
3 5852 48 159 8 678912
2 5859 16 28 4 678942
3 5853 48 159 7 678962
2 5860 16 28 7 678992
3 5854 48 159 7 679012
2 5861 16 28 7 679042
3 5855 48 159 7 679062
2 5862 16 28 6 679092
3 5856 48 159 8 679112
2 5863 16 28 7 679142
3 5857 48 159 8 679162
2 5864 16 28 8 679192
3 5858 48 159 6 679212
2 5865 16 28 7 679242
3 5859 48 159 8 679262
2 5866 16 28 7 679292
3 5860 48 159 7 679312
2 5867 16 28 11 679342
3 5861 48 159 7 679362
2 5868 16 28 8 679392
3 5862 48 159 4 679412
2 5869 16 28 7 679442
3 5863 48 159 8 679462
2 5870 16 28 7 679492
3 5864 48 159 7 679512
2 5871 16 28 9 679542
3 5865 48 159 8 679562
2 5872 16 28 6 679592
3 5866 48 159 8 679612
2 5873 16 28 7 679642
3 5867 48 159 7 679662
2 5874 16 28 5 679692
3 5868 48 159 7 679712
2 5875 16 28 8 679742
3 5869 48 159 8 679762
2 5876 16 28 8 679792
3 5870 48 159 8 679812
2 5877 16 28 8 679842
3 5871 48 159 4 679862
2 5878 16 28 8 679892
3 5872 48 159 7 679912
2 5879 16 28 7 679942
3 5873 48 159 6 679962
2 5880 16 28 7 679992
3 5874 48 159 7 680012
2 5881 16 28 7 680042
3 5875 48 159 7 680062
2 5882 16 28 6 680092
3 5876 48 159 7 680112
2 5883 16 28 7 680142
3 5877 48 159 8 680162
2 5884 16 28 7 680192
3 5878 48 159 8 680212
2 5885 16 28 8 680242
3 5879 48 159 10 680262
2 5886 16 28 7 680292
3 5880 48 159 7 680312
2 5887 16 28 7 680342
3 5881 48 159 7 680362
2 5888 16 28 6 680392
3 5882 48 159 5 680412
2 5889 16 28 7 680442
3 5883 48 159 9 680462
2 5890 16 28 5 680492
3 5884 48 159 8 680512
2 5891 16 28 8 680542
3 5885 48 159 8 680562
2 5892 16 28 5 680592
3 5886 48 159 6 680612
2 5893 16 28 7 680642
3 5887 48 159 7 680662
2 5894 16 28 7 680692
3 5888 48 159 7 680712
2 5895 16 28 5 680742
3 5889 48 159 7 680762
2 5896 16 28 7 680792
3 5890 48 159 8 680812
2 5897 16 28 6 680842
3 5891 48 159 8 680862
2 5898 16 28 7 680892
3 5892 48 159 7 680912
2 5899 16 28 7 680942
3 5893 48 159 7 680962
2 5900 16 28 7 680992
3 5894 48 159 7 681012
2 5901 16 28 9 681042
3 5895 48 159 6 681062
2 5902 16 28 2 681092
3 5896 48 159 8 681112
2 5903 16 28 7 681142
3 5897 48 159 6 681162
2 5904 16 28 7 681192
3 5898 48 159 5 681212
2 5905 16 28 6 681242
3 5899 48 159 8 681262
2 5906 16 28 6 681292
3 5900 48 159 8 681312
2 5907 16 28 7 681342
3 5901 48 159 7 681362
2 5908 16 28 7 681392
3 5902 48 159 8 681412
2 5909 16 28 7 681442
3 5903 48 159 7 681462
2 5910 16 28 6 681492
3 5904 48 159 7 681512
2 5911 16 28 7 681542
3 5905 48 159 7 681562
2 5912 16 28 8 681592
3 5906 48 159 7 681612
2 5913 16 28 7 681642
3 5907 48 159 7 681662
2 5914 16 28 7 681692
3 5908 48 159 7 681712
2 5915 16 28 7 681742
3 5909 48 159 6 681762
2 5916 16 28 7 681792
3 5910 48 159 4 681812
2 5917 16 28 7 681842
3 5911 48 159 4 681862
2 5918 16 28 7 681892
3 5912 48 159 7 681912
2 5919 16 28 7 681942
3 5913 48 159 7 681962
2 5920 16 28 8 681992
3 5914 48 159 3 682012
2 5921 16 28 7 682042
3 5915 48 159 8 682062
2 5922 16 28 7 682092
3 5916 48 159 7 682112
2 5923 16 28 7 682142
3 5917 48 159 8 682162
2 5924 16 28 6 682192
3 5918 48 159 8 682212
2 5925 16 28 7 682242
3 5919 48 159 4 682262
2 5926 16 28 8 682292
3 5920 48 159 7 682312
2 5927 16 28 8 682342
3 5921 48 159 7 682362
2 5928 16 28 8 682392
3 5922 48 159 4 682412
2 5929 16 28 7 682442
3 5923 48 159 8 682462
2 5930 16 28 6 682492
3 5924 48 159 7 682512
2 5931 16 28 6 682542
3 5925 48 159 7 682562
2 5932 16 28 7 682592
3 5926 48 159 7 682612
2 5933 16 28 7 682642
3 5927 48 159 7 682662
2 5934 16 28 9 682692
3 5928 48 159 8 682712
2 5935 16 28 7 682742
3 5929 48 159 7 682763
2 5936 16 28 8 682792
3 5930 48 159 7 682812
2 5937 16 28 7 682842
2 5938 16 28 7 682893
3 5932 48 159 7 682912
2 5939 16 28 4 682942
3 5933 48 159 6 682962
2 5940 16 28 6 682992
3 5934 48 159 6 683012
2 5941 16 28 7 683042
3 5935 48 159 9 683062
2 5942 16 28 9 683092
3 5936 48 159 6 683112
2 5943 16 28 7 683142
3 5937 48 159 8 683162
2 5944 16 28 8 683192
3 5938 48 159 7 683212
2 5945 16 28 8 683242
3 5939 48 159 4 683262
2 5946 16 28 7 683292
3 5940 48 159 7 683312
2 5947 16 28 7 683342
3 5941 48 159 7 683362
2 5948 16 28 6 683392
3 5942 48 159 10 683412
2 5949 16 28 7 683442
3 5943 48 159 7 683462
2 5950 16 28 8 683492
3 5944 48 159 4 683512
2 5951 16 28 7 683542
3 5945 48 159 7 683562
2 5952 16 28 8 683592
3 5946 48 159 7 683612
2 5953 16 28 7 683642
3 5947 48 159 7 683662
2 5954 16 28 6 683692
3 5948 48 159 7 683712
2 5955 16 28 7 683742
3 5949 48 159 8 683762
2 5956 16 28 7 683792
3 5950 48 159 7 683812
2 5957 16 28 7 683842
3 5951 48 159 8 683862
2 5958 16 28 6 683892
3 5952 48 159 7 683912
2 5959 16 28 8 683942
3 5953 48 159 7 683962
2 5960 16 28 8 683992
3 5954 48 159 6 684012
2 5961 16 28 8 684042
3 5955 48 159 7 684062
2 5962 16 28 8 684092
3 5956 48 159 8 684112
2 5963 16 28 7 684142
3 5957 48 159 8 684162
2 5964 16 28 11 684193
3 5958 48 159 7 684212
2 5965 16 28 7 684242
3 5959 48 159 7 684262
2 5966 16 28 7 684292
3 5960 48 159 7 684312
2 5967 16 28 6 684342
3 5961 48 159 7 684362
2 5968 16 28 7 684392
3 5962 48 159 7 684412
2 5969 16 28 7 684442
3 5963 48 159 8 684462
2 5970 16 28 9 684492
3 5964 48 159 4 684512
2 5971 16 28 5 684542
3 5965 48 159 9 684562
2 5972 16 28 7 684592
3 5966 48 159 7 684612
2 5973 16 28 7 684642
3 5967 48 159 6 684662
2 5974 16 28 1 684692
3 5968 48 159 6 684712
2 5975 16 28 5 684742
3 5969 48 159 7 684762
2 5976 16 28 2 684792
3 5970 48 159 8 684812
2 5977 16 28 8 684842
3 5971 48 159 7 684862
2 5978 16 28 7 684892
3 5972 48 159 7 684913
2 5979 16 28 7 684942
3 5973 48 159 7 684962
2 5980 16 28 8 684992
3 5974 48 159 7 685012
2 5981 16 28 7 685042
3 5975 48 159 7 685062
2 5982 16 28 7 685092
3 5976 48 159 7 685112
2 5983 16 28 6 685142
3 5977 48 159 7 685162
2 5984 16 28 5 685192
3 5978 48 159 7 685212
2 5985 16 28 8 685242
3 5979 48 159 6 685262
2 5986 16 28 7 685292
3 5980 48 159 9 685312
2 5987 16 28 7 685342
3 5981 48 159 7 685362
2 5988 16 28 8 685392
3 5982 48 159 8 685412
2 5989 16 28 7 685442
3 5983 48 159 7 685462
2 5990 16 28 7 685492
3 5984 48 159 7 685512
2 5991 16 28 7 685542
3 5985 48 159 7 685562
2 5992 16 28 5 685592
3 5986 48 159 7 685612
2 5993 16 28 6 685642
3 5987 48 159 6 685662
2 5994 16 28 8 685692
3 5988 48 159 7 685712
2 5995 16 28 9 685742
3 5989 48 159 8 685762
2 5996 16 28 7 685792
3 5990 48 159 7 685812
2 5997 16 28 8 685842
3 5991 48 159 8 685862
2 5998 16 28 6 685892
3 5992 48 159 7 685912
2 5999 16 28 6 685942
3 5993 48 159 7 685962
2 6000 16 28 6 685992
3 5994 48 159 12 686012
2 6001 16 28 7 686042
3 5995 48 159 6 686062
2 6002 16 28 8 686092
3 5996 48 159 8 686112
2 6003 16 28 7 686142
3 5997 48 159 8 686162
2 6004 16 28 7 686192
3 5998 48 159 3 686212
2 6005 16 28 6 686242
3 5999 48 159 7 686262
2 6006 16 28 9 686292
3 6000 48 159 8 686312
2 6007 16 28 8 686342
3 6001 48 159 7 686362
2 6008 16 28 6 686392
3 6002 48 159 8 686412
2 6009 16 28 6 686442
3 6003 48 159 8 686462
2 6010 16 28 4 686492
3 6004 48 159 7 686512
2 6011 16 28 7 686542
3 6005 48 159 7 686562
2 6012 16 28 5 686592
3 6006 48 159 8 686612
2 6013 16 28 8 686642
3 6007 48 159 7 686662
2 6014 16 28 9 686692
3 6008 48 159 6 686712
2 6015 16 28 10 686742
3 6009 48 159 7 686762
2 6016 16 28 7 686792
3 6010 48 159 8 686812
2 6017 16 28 7 686842
3 6011 48 159 7 686862
2 6018 16 28 7 686892
3 6012 48 159 7 686912
2 6019 16 28 0 686942
3 6013 48 159 7 686962
2 6020 16 28 8 686992
3 6014 48 159 6 687012
2 6021 16 28 7 687042
3 6015 48 159 7 687062
2 6022 16 28 8 687093
3 6016 48 159 7 687112
2 6023 16 28 7 687142
3 6017 48 159 7 687162
2 6024 16 28 7 687192
3 6018 48 159 7 687212
2 6025 16 28 7 687242
3 6019 48 159 6 687262
2 6026 16 28 7 687292
3 6020 48 159 4 687312
2 6027 16 28 7 687342
3 6021 48 159 8 687362
2 6028 16 28 7 687392
3 6022 48 159 7 687412
2 6029 16 28 8 687442
3 6023 48 159 7 687462
2 6030 16 28 7 687492
3 6024 48 159 7 687512
2 6031 16 28 4 687542
3 6025 48 159 10 687562
2 6032 16 28 7 687592
3 6026 48 159 0 687612
2 6033 16 28 7 687642
3 6027 48 159 6 687662
2 6034 16 28 7 687692
3 6028 48 159 7 687712
2 6035 16 28 6 687742
3 6029 48 159 9 687762
2 6036 16 28 7 687792
3 6030 48 159 7 687812
2 6037 16 28 8 687842
3 6031 48 159 7 687862
2 6038 16 28 8 687892
3 6032 48 159 8 687912
2 6039 16 28 7 687942
3 6033 48 159 7 687962
2 6040 16 28 8 687992
3 6034 48 159 7 688012
2 6041 16 28 6 688042
3 6035 48 159 7 688062
2 6042 16 28 6 688092
3 6036 48 159 7 688112
2 6043 16 28 7 688142
3 6037 48 159 7 688162
2 6044 16 28 6 688192
3 6038 48 159 4 688212
2 6045 16 28 9 688242
3 6039 48 159 7 688262
2 6046 16 28 7 688292
3 6040 48 159 7 688312
2 6047 16 28 7 688342
3 6041 48 159 8 688362
2 6048 16 28 8 688392
3 6042 48 159 7 688412
2 6049 16 28 6 688442
3 6043 48 159 7 688462
2 6050 16 28 4 688492
3 6044 48 159 7 688512
2 6051 16 28 5 688542
3 6045 48 159 6 688562
2 6052 16 28 7 688592
3 6046 48 159 5 688612
2 6053 16 28 7 688642
3 6047 48 159 6 688662
2 6054 16 28 7 688692
3 6048 48 159 7 688712
2 6055 16 28 7 688742
3 6049 48 159 7 688762
2 6056 16 28 7 688792
3 6050 48 159 7 688812
2 6057 16 28 7 688842
3 6051 48 159 7 688862
2 6058 16 28 7 688892
3 6052 48 159 7 688912
2 6059 16 28 6 688942
3 6053 48 159 8 688962
2 6060 16 28 8 688992
3 6054 48 159 11 689012
2 6061 16 28 8 689042
3 6055 48 159 7 689062
2 6062 16 28 8 689092
3 6056 48 159 6 689112
2 6063 16 28 8 689142
3 6057 48 159 9 689162
2 6064 16 28 8 689192
3 6058 48 159 7 689212
2 6065 16 28 7 689242
3 6059 48 159 9 689262
2 6066 16 28 0 689292
3 6060 48 159 9 689312
2 6067 16 28 5 689342
3 6061 48 159 8 689362
2 6068 16 28 8 689392
3 6062 48 159 8 689412
2 6069 16 28 7 689442
3 6063 48 159 8 689462
2 6070 16 28 7 689492
3 6064 48 159 7 689512
2 6071 16 28 7 689542
3 6065 48 159 4 689562
2 6072 16 28 6 689592
3 6066 48 159 7 689612
2 6073 16 28 7 689642
3 6067 48 159 7 689662
2 6074 16 28 8 689692
3 6068 48 159 7 689712
2 6075 16 28 7 689742
3 6069 48 159 7 689762
2 6076 16 28 7 689792
3 6070 48 159 4 689812
2 6077 16 28 6 689842
3 6071 48 159 8 689862
2 6078 16 28 7 689892
3 6072 48 159 6 689912
2 6079 16 28 7 689942
3 6073 48 159 8 689962
2 6080 16 28 7 689992
3 6074 48 159 8 690012
2 6081 16 28 7 690042
3 6075 48 159 4 690062
2 6082 16 28 7 690092
3 6076 48 159 4 690112
2 6083 16 28 7 690142
3 6077 48 159 7 690162
2 6084 16 28 7 690192
3 6078 48 159 5 690212
2 6085 16 28 7 690242
3 6079 48 159 10 690262
2 6086 16 28 7 690292
3 6080 48 159 6 690312
2 6087 16 28 8 690342
3 6081 48 159 8 690362
2 6088 16 28 7 690392
3 6082 48 159 7 690412
2 6089 16 28 7 690442
3 6083 48 159 10 690462
2 6090 16 28 7 690492
3 6084 48 159 7 690512
2 6091 16 28 7 690542
3 6085 48 159 5 690562
2 6092 16 28 7 690592
3 6086 48 159 5 690612
2 6093 16 28 7 690643
3 6087 48 159 7 690662
2 6094 16 28 6 690692
3 6088 48 159 7 690712
2 6095 16 28 7 690742
3 6089 48 159 6 690762
2 6096 16 28 5 690792
3 6090 48 159 2 690812
2 6097 16 28 8 690842
3 6091 48 159 7 690862
2 6098 16 28 8 690892
3 6092 48 159 7 690912
2 6099 16 28 7 690942
3 6093 48 159 9 690962
2 6100 16 28 7 690992
3 6094 48 159 7 691012
2 6101 16 28 7 691042
3 6095 48 159 7 691062
2 6102 16 28 7 691093
3 6096 48 159 8 691112
2 6103 16 28 7 691142
3 6097 48 159 7 691162
2 6104 16 28 7 691192
3 6098 48 159 7 691212
2 6105 16 28 8 691242
3 6099 48 159 8 691262
2 6106 16 28 8 691292
3 6100 48 159 8 691312
2 6107 16 28 6 691342
3 6101 48 159 7 691362
2 6108 16 28 7 691392
3 6102 48 159 7 691412
2 6109 16 28 7 691442
3 6103 48 159 7 691462
2 6110 16 28 7 691492
3 6104 48 159 8 691512
2 6111 16 28 7 691542
3 6105 48 159 7 691562
2 6112 16 28 7 691592
3 6106 48 159 7 691612
2 6113 16 28 7 691642
3 6107 48 159 8 691662
2 6114 16 28 8 691692
3 6108 48 159 8 691712
2 6115 16 28 8 691742
3 6109 48 159 6 691762
2 6116 16 28 8 691792
3 6110 48 159 8 691812
2 6117 16 28 7 691842
3 6111 48 159 7 691862
2 6118 16 28 8 691892
3 6112 48 159 8 691912
2 6119 16 28 6 691942
3 6113 48 159 7 691962
2 6120 16 28 6 691992
3 6114 48 159 7 692012
2 6121 16 28 8 692042
3 6115 48 159 7 692062
2 6122 16 28 8 692092
3 6116 48 159 8 692112
2 6123 16 28 8 692142
3 6117 48 159 7 692162
2 6124 16 28 7 692192
3 6118 48 159 8 692212
2 6125 16 28 6 692242
3 6119 48 159 7 692262
2 6126 16 28 6 692292
3 6120 48 159 6 692312
2 6127 16 28 7 692342
3 6121 48 159 7 692362
2 6128 16 28 7 692392
3 6122 48 159 7 692412
2 6129 16 28 7 692442
3 6123 48 159 7 692462
2 6130 16 28 8 692492
3 6124 48 159 10 692512
2 6131 16 28 8 692542
3 6125 48 159 7 692562
2 6132 16 28 7 692592
3 6126 48 159 7 692612
2 6133 16 28 8 692642
3 6127 48 159 6 692662
2 6134 16 28 6 692692
3 6128 48 159 8 692712
2 6135 16 28 7 692742
3 6129 48 159 8 692762
2 6136 16 28 7 692792
3 6130 48 159 7 692812
2 6137 16 28 7 692842
3 6131 48 159 7 692862
2 6138 16 28 7 692892
3 6132 48 159 7 692912
2 6139 16 28 8 692942
3 6133 48 159 6 692962
2 6140 16 28 8 692992
3 6134 48 159 7 693012
2 6141 16 28 8 693042
3 6135 48 159 8 693062
2 6142 16 28 6 693092
3 6136 48 159 8 693112
2 6143 16 28 7 693142
3 6137 48 159 4 693162
2 6144 16 28 7 693192
3 6138 48 159 7 693212
2 6145 16 28 6 693242
3 6139 48 159 8 693262
2 6146 16 28 7 693292
3 6140 48 159 8 693312
2 6147 16 28 8 693342
3 6141 48 159 8 693362
2 6148 16 28 7 693392
3 6142 48 159 7 693412
2 6149 16 28 8 693442
3 6143 48 159 7 693462
2 6150 16 28 7 693492
3 6144 48 159 7 693512
2 6151 16 28 7 693542
3 6145 48 159 8 693562
2 6152 16 28 7 693592
3 6146 48 159 7 693612
2 6153 16 28 7 693642
3 6147 48 159 7 693662
2 6154 16 28 5 693692
3 6148 48 159 7 693712
2 6155 16 28 7 693742
3 6149 48 159 4 693762
2 6156 16 28 7 693792
3 6150 48 159 7 693812
2 6157 16 28 7 693842
3 6151 48 159 7 693862
2 6158 16 28 6 693892
3 6152 48 159 7 693912
2 6159 16 28 7 693942
3 6153 48 159 11 693962
2 6160 16 28 7 693992
3 6154 48 159 7 694012
2 6161 16 28 6 694042
3 6155 48 159 8 694062
2 6162 16 28 7 694092
3 6156 48 159 7 694112
2 6163 16 28 7 694142
3 6157 48 159 6 694162
2 6164 16 28 7 694192
3 6158 48 159 7 694212
2 6165 16 28 7 694242
3 6159 48 159 7 694262
2 6166 16 28 9 694292
3 6160 48 159 3 694312
2 6167 16 28 11 694342
3 6161 48 159 3 694362
2 6168 16 28 6 694392
3 6162 48 159 7 694412
2 6169 16 28 7 694442
3 6163 48 159 7 694462
2 6170 16 28 8 694492
3 6164 48 159 8 694512
2 6171 16 28 6 694542
3 6165 48 159 7 694562
2 6172 16 28 7 694592
3 6166 48 159 7 694612
2 6173 16 28 11 694642
3 6167 48 159 7 694662
2 6174 16 28 8 694692
3 6168 48 159 8 694712
2 6175 16 28 7 694742
3 6169 48 159 6 694762
2 6176 16 28 8 694792
3 6170 48 159 6 694812
2 6177 16 28 6 694842
3 6171 48 159 7 694862
2 6178 16 28 7 694892
3 6172 48 159 7 694912
2 6179 16 28 7 694942
3 6173 48 159 8 694962
2 6180 16 28 7 694992
3 6174 48 159 7 695012
2 6181 16 28 8 695042
3 6175 48 159 8 695062
2 6182 16 28 7 695092
3 6176 48 159 4 695112
2 6183 16 28 7 695142
3 6177 48 159 8 695162
2 6184 16 28 8 695192
3 6178 48 159 7 695212
2 6185 16 28 7 695242
3 6179 48 159 6 695262
2 6186 16 28 7 695292
3 6180 48 159 7 695312
2 6187 16 28 6 695342
3 6181 48 159 7 695362
2 6188 16 28 7 695392
3 6182 48 159 7 695412
2 6189 16 28 7 695442
3 6183 48 159 8 695462
2 6190 16 28 8 695492
3 6184 48 159 7 695512
2 6191 16 28 7 695542
3 6185 48 159 7 695562
2 6192 16 28 7 695592
3 6186 48 159 7 695612
2 6193 16 28 7 695642
3 6187 48 159 7 695662
2 6194 16 28 6 695692
3 6188 48 159 8 695712
2 6195 16 28 7 695742
3 6189 48 159 6 695762
2 6196 16 28 7 695792
3 6190 48 159 10 695812
2 6197 16 28 7 695842
3 6191 48 159 7 695862
2 6198 16 28 6 695892
3 6192 48 159 7 695912
2 6199 16 28 7 695942
3 6193 48 159 8 695962
2 6200 16 28 7 695992
3 6194 48 159 8 696012
2 6201 16 28 7 696042
3 6195 48 159 8 696062
2 6202 16 28 7 696092
3 6196 48 159 7 696112
2 6203 16 28 5 696142
3 6197 48 159 7 696162
2 6204 16 28 7 696192
3 6198 48 159 7 696212
2 6205 16 28 7 696242
3 6199 48 159 8 696262
2 6206 16 28 7 696292
3 6200 48 159 8 696312
2 6207 16 28 7 696342
3 6201 48 159 7 696362
2 6208 16 28 7 696392
3 6202 48 159 9 696412
2 6209 16 28 7 696442
3 6203 48 159 6 696462
2 6210 16 28 7 696492
3 6204 48 159 6 696512
2 6211 16 28 7 696542
3 6205 48 159 7 696562
2 6212 16 28 6 696592
3 6206 48 159 5 696612
2 6213 16 28 4 696642
3 6207 48 159 7 696662
2 6214 16 28 8 696692
3 6208 48 159 7 696712
2 6215 16 28 6 696742
3 6209 48 159 12 696762
2 6216 16 28 7 696792
3 6210 48 159 8 696812
2 6217 16 28 7 696842
3 6211 48 159 7 696862
2 6218 16 28 7 696892
3 6212 48 159 7 696912
2 6219 16 28 7 696942
3 6213 48 159 8 696962
2 6220 16 28 6 696992
3 6214 48 159 8 697012
2 6221 16 28 7 697042
3 6215 48 159 7 697062
2 6222 16 28 7 697092
3 6216 48 159 8 697112
2 6223 16 28 7 697142
3 6217 48 159 7 697162
2 6224 16 28 7 697192
3 6218 48 159 8 697212
2 6225 16 28 7 697242
3 6219 48 159 6 697262
2 6226 16 28 8 697292
3 6220 48 159 7 697312
2 6227 16 28 7 697342
3 6221 48 159 4 697362
2 6228 16 28 5 697392
3 6222 48 159 8 697412
2 6229 16 28 7 697442
3 6223 48 159 9 697462
2 6230 16 28 5 697492
3 6224 48 159 7 697512
2 6231 16 28 7 697542
3 6225 48 159 8 697564
2 6232 16 28 8 697592
3 6226 48 159 7 697612
2 6233 16 28 7 697642
3 6227 48 159 5 697662
2 6234 16 28 5 697693
3 6228 48 159 7 697712
2 6235 16 28 8 697742
3 6229 48 159 7 697762
2 6236 16 28 7 697792
3 6230 48 159 9 697812
2 6237 16 28 7 697842
3 6231 48 159 4 697862
2 6238 16 28 7 697893
3 6232 48 159 9 697912
2 6239 16 28 7 697942
3 6233 48 159 7 697962
2 6240 16 28 7 697992
3 6234 48 159 8 698012
2 6241 16 28 7 698042
3 6235 48 159 8 698062
2 6242 16 28 7 698092
3 6236 48 159 7 698112
2 6243 16 28 7 698142
3 6237 48 159 7 698162
2 6244 16 28 7 698192
3 6238 48 159 9 698212
2 6245 16 28 8 698242
3 6239 48 159 7 698262
2 6246 16 28 6 698292
3 6240 48 159 7 698312
2 6247 16 28 6 698342
3 6241 48 159 8 698362
2 6248 16 28 7 698392
3 6242 48 159 7 698412
2 6249 16 28 6 698442
3 6243 48 159 7 698462
2 6250 16 28 8 698492
3 6244 48 159 10 698512
2 6251 16 28 7 698542
3 6245 48 159 7 698562
2 6252 16 28 7 698592
3 6246 48 159 7 698614
2 6253 16 28 7 698642
3 6247 48 159 7 698662
2 6254 16 28 7 698697
3 6248 48 159 6 698712
2 6255 16 28 6 698744
3 6249 48 159 7 698762
2 6256 16 28 6 698792
3 6250 48 159 8 698812
2 6257 16 28 6 698842
3 6251 48 159 7 698862
2 6258 16 28 9 698892
3 6252 48 159 10 698912
2 6259 16 28 7 698942
3 6253 48 159 7 698962
2 6260 16 28 7 698992
3 6254 48 159 7 699012
2 6261 16 28 7 699042
3 6255 48 159 7 699062
2 6262 16 28 7 699092
3 6256 48 159 8 699112
2 6263 16 28 7 699142
3 6257 48 159 7 699162
2 6264 16 28 6 699192
3 6258 48 159 6 699212
2 6265 16 28 7 699242
3 6259 48 159 7 699262
2 6266 16 28 7 699292
3 6260 48 159 7 699312
2 6267 16 28 7 699342
3 6261 48 159 7 699362
2 6268 16 28 7 699392
3 6262 48 159 4 699412
2 6269 16 28 8 699442
3 6263 48 159 6 699462
2 6270 16 28 7 699492
3 6264 48 159 7 699512
2 6271 16 28 6 699542
3 6265 48 159 6 699562
2 6272 16 28 6 699592
3 6266 48 159 7 699612
2 6273 16 28 6 699642
3 6267 48 159 7 699662
2 6274 16 28 7 699692
3 6268 48 159 8 699712
2 6275 16 28 7 699742
3 6269 48 159 8 699762
2 6276 16 28 6 699792
3 6270 48 159 6 699812
2 6277 16 28 8 699842
3 6271 48 159 4 699862
2 6278 16 28 7 699892
3 6272 48 159 7 699912
2 6279 16 28 6 699942
3 6273 48 159 8 699962
2 6280 16 28 7 699992
3 6274 48 159 7 700012
2 6281 16 28 6 700042
3 6275 48 159 7 700062
2 6282 16 28 7 700092
3 6276 48 159 7 700112
2 6283 16 28 7 700142
3 6277 48 159 7 700162
2 6284 16 28 7 700192
3 6278 48 159 7 700212
2 6285 16 28 6 700242
3 6279 48 159 5 700262
2 6286 16 28 7 700292
3 6280 48 159 6 700312
2 6287 16 28 7 700342
3 6281 48 159 7 700362
2 6288 16 28 7 700392
3 6282 48 159 6 700412
2 6289 16 28 6 700442
3 6283 48 159 7 700462
2 6290 16 28 6 700492
3 6284 48 159 7 700512
2 6291 16 28 6 700542
3 6285 48 159 7 700562
2 6292 16 28 7 700592
3 6286 48 159 7 700612
2 6293 16 28 6 700642
3 6287 48 159 7 700662
2 6294 16 28 7 700692
3 6288 48 159 7 700712
2 6295 16 28 8 700742
3 6289 48 159 7 700762
2 6296 16 28 6 700792
3 6290 48 159 7 700812
2 6297 16 28 2 700842
3 6291 48 159 9 700862
2 6298 16 28 6 700892
3 6292 48 159 7 700912
2 6299 16 28 6 700942
3 6293 48 159 10 700962
2 6300 16 28 6 700992
3 6294 48 159 7 701012
2 6301 16 28 5 701042
3 6295 48 159 7 701062
2 6302 16 28 8 701092
3 6296 48 159 7 701112
2 6303 16 28 8 701142
3 6297 48 159 6 701162
2 6304 16 28 8 701192
3 6298 48 159 7 701212
2 6305 16 28 6 701242
3 6299 48 159 8 701262
2 6306 16 28 8 701292
3 6300 48 159 7 701312
2 6307 16 28 7 701342
3 6301 48 159 4 701362
2 6308 16 28 7 701392
3 6302 48 159 8 701412
2 6309 16 28 7 701442
3 6303 48 159 5 701462
2 6310 16 28 7 701492
3 6304 48 159 7 701512
2 6311 16 28 7 701542
3 6305 48 159 7 701562
2 6312 16 28 7 701592
3 6306 48 159 7 701612
2 6313 16 28 7 701642
3 6307 48 159 6 701663
2 6314 16 28 7 701692
3 6308 48 159 7 701712
2 6315 16 28 7 701742
3 6309 48 159 7 701762
2 6316 16 28 6 701792
3 6310 48 159 7 701812
2 6317 16 28 6 701842
3 6311 48 159 7 701862
2 6318 16 28 6 701892
3 6312 48 159 7 701912
2 6319 16 28 8 701942
3 6313 48 159 8 701964
2 6320 16 28 8 701992
3 6314 48 159 7 702012
2 6321 16 28 7 702042
3 6315 48 159 7 702062
2 6322 16 28 5 702092
3 6316 48 159 6 702112
2 6323 16 28 7 702142
3 6317 48 159 7 702162
2 6324 16 28 7 702192
3 6318 48 159 7 702212
2 6325 16 28 6 702242
3 6319 48 159 7 702262
2 6326 16 28 9 702292
3 6320 48 159 7 702312
2 6327 16 28 12 702342
3 6321 48 159 9 702362
2 6328 16 28 6 702392
3 6322 48 159 7 702412
2 6329 16 28 13 702442
3 6323 48 159 8 702462
2 6330 16 28 6 702492
3 6324 48 159 8 702514
2 6331 16 28 7 702542
3 6325 48 159 7 702562
2 6332 16 28 7 702592
3 6326 48 159 7 702612
2 6333 16 28 6 702642
3 6327 48 159 7 702662
2 6334 16 28 7 702692
3 6328 48 159 6 702712
2 6335 16 28 6 702742
3 6329 48 159 7 702762
2 6336 16 28 7 702792
3 6330 48 159 7 702814
2 6337 16 28 7 702842
3 6331 48 159 7 702862
2 6338 16 28 7 702892
3 6332 48 159 6 702912
2 6339 16 28 9 702942
3 6333 48 159 6 702963
2 6340 16 28 8 702992
3 6334 48 159 7 703012
2 6341 16 28 7 703042
3 6335 48 159 6 703062
2 6342 16 28 7 703092
3 6336 48 159 10 703112
2 6343 16 28 7 703142
3 6337 48 159 9 703162
2 6344 16 28 7 703192
3 6338 48 159 7 703212
2 6345 16 28 7 703242
3 6339 48 159 7 703262
2 6346 16 28 8 703292
3 6340 48 159 7 703312
2 6347 16 28 7 703342
3 6341 48 159 7 703362
2 6348 16 28 8 703392
3 6342 48 159 7 703412
2 6349 16 28 6 703442
3 6343 48 159 7 703462
2 6350 16 28 7 703492
3 6344 48 159 7 703512
2 6351 16 28 6 703542
3 6345 48 159 7 703562
2 6352 16 28 7 703592
3 6346 48 159 5 703612
2 6353 16 28 7 703642
3 6347 48 159 7 703662
2 6354 16 28 7 703692
3 6348 48 159 7 703712
2 6355 16 28 8 703742
3 6349 48 159 7 703762
2 6356 16 28 9 703792
3 6350 48 159 5 703812
2 6357 16 28 7 703842
3 6351 48 159 8 703862
2 6358 16 28 10 703892
3 6352 48 159 7 703912
2 6359 16 28 6 703942
3 6353 48 159 7 703964
2 6360 16 28 8 703992
3 6354 48 159 6 704012
2 6361 16 28 7 704042
3 6355 48 159 8 704062
2 6362 16 28 7 704092
3 6356 48 159 7 704112
2 6363 16 28 8 704142
3 6357 48 159 8 704162
2 6364 16 28 7 704192
3 6358 48 159 7 704212
2 6365 16 28 8 704242
3 6359 48 159 1 704262
2 6366 16 28 7 704292
3 6360 48 159 7 704312
2 6367 16 28 1 704342
3 6361 48 159 7 704362
2 6368 16 28 6 704392
3 6362 48 159 7 704412
2 6369 16 28 6 704442
3 6363 48 159 7 704462
2 6370 16 28 6 704492
3 6364 48 159 6 704512
2 6371 16 28 7 704542
3 6365 48 159 7 704562
2 6372 16 28 7 704592
3 6366 48 159 7 704613
2 6373 16 28 7 704642
3 6367 48 159 4 704662
2 6374 16 28 8 704692
3 6368 48 159 6 704712
2 6375 16 28 7 704742
3 6369 48 159 8 704762
2 6376 16 28 6 704792
3 6370 48 159 7 704812
2 6377 16 28 7 704842
3 6371 48 159 6 704862
2 6378 16 28 7 704892
3 6372 48 159 0 704912
2 6379 16 28 7 704942
3 6373 48 159 7 704962
2 6380 16 28 7 704992
3 6374 48 159 8 705012
2 6381 16 28 8 705042
3 6375 48 159 7 705062
2 6382 16 28 7 705092
3 6376 48 159 5 705112
2 6383 16 28 9 705142
3 6377 48 159 8 705162
2 6384 16 28 8 705192
3 6378 48 159 7 705212
2 6385 16 28 7 705242
3 6379 48 159 8 705262
2 6386 16 28 5 705292
3 6380 48 159 6 705312
2 6387 16 28 6 705342
3 6381 48 159 7 705362
2 6388 16 28 6 705392
3 6382 48 159 7 705412
2 6389 16 28 8 705442
3 6383 48 159 8 705462
2 6390 16 28 10 705492
3 6384 48 159 7 705512
2 6391 16 28 6 705542
3 6385 48 159 7 705562
2 6392 16 28 7 705592
3 6386 48 159 7 705612
2 6393 16 28 6 705642
3 6387 48 159 8 705662
2 6394 16 28 6 705692
3 6388 48 159 7 705712
2 6395 16 28 7 705742
3 6389 48 159 6 705762
2 6396 16 28 6 705792
2 6397 16 28 12 705842
3 6391 48 159 4 705862
2 6398 16 28 7 705892
3 6392 48 159 5 705912
2 6399 16 28 7 705943
3 6393 48 159 8 705962
2 6400 16 28 7 705992
3 6394 48 159 7 706012
2 6401 16 28 7 706042
3 6395 48 159 3 706062
2 6402 16 28 7 706092
3 6396 48 159 8 706112
2 6403 16 28 6 706142
3 6397 48 159 8 706162
2 6404 16 28 7 706192
3 6398 48 159 8 706212
2 6405 16 28 7 706242
3 6399 48 159 8 706262
2 6406 16 28 7 706292
3 6400 48 159 7 706312
2 6407 16 28 7 706342
3 6401 48 159 8 706362
2 6408 16 28 7 706392
3 6402 48 159 7 706412
2 6409 16 28 6 706442
3 6403 48 159 7 706462
2 6410 16 28 8 706492
3 6404 48 159 7 706512
2 6411 16 28 7 706542
3 6405 48 159 8 706562
2 6412 16 28 7 706592
3 6406 48 159 7 706612
2 6413 16 28 6 706642
3 6407 48 159 7 706662
2 6414 16 28 7 706692
3 6408 48 159 7 706712
2 6415 16 28 7 706742
3 6409 48 159 7 706762
2 6416 16 28 8 706792
3 6410 48 159 8 706812
2 6417 16 28 6 706842
3 6411 48 159 7 706862
2 6418 16 28 7 706892
3 6412 48 159 9 706912
2 6419 16 28 8 706942
3 6413 48 159 8 706962
2 6420 16 28 7 706992
3 6414 48 159 7 707012
2 6421 16 28 5 707042
3 6415 48 159 7 707063
2 6422 16 28 6 707092
2 6423 16 28 6 707143
3 6417 48 159 8 707162
2 6424 16 28 6 707192
3 6418 48 159 12 707212
2 6425 16 28 7 707242
3 6419 48 159 7 707262
2 6426 16 28 5 707292
3 6420 48 159 7 707312
2 6427 16 28 8 707342
3 6421 48 159 7 707362
2 6428 16 28 6 707393
3 6422 48 159 7 707412
2 6429 16 28 8 707442
3 6423 48 159 7 707462
2 6430 16 28 7 707492
3 6424 48 159 7 707512
2 6431 16 28 6 707542
3 6425 48 159 7 707562
2 6432 16 28 7 707592
3 6426 48 159 7 707612
2 6433 16 28 7 707642
3 6427 48 159 8 707662
2 6434 16 28 8 707692
3 6428 48 159 3 707712
2 6435 16 28 7 707742
3 6429 48 159 8 707762
2 6436 16 28 7 707792
3 6430 48 159 7 707812
2 6437 16 28 7 707842
3 6431 48 159 7 707862
2 6438 16 28 6 707892
3 6432 48 159 7 707912
2 6439 16 28 7 707942
3 6433 48 159 6 707962
2 6440 16 28 6 707992
3 6434 48 159 9 708012
2 6441 16 28 8 708042
3 6435 48 159 7 708062
2 6442 16 28 7 708092
3 6436 48 159 7 708112
2 6443 16 28 8 708142
3 6437 48 159 8 708162
2 6444 16 28 4 708192
3 6438 48 159 5 708212
2 6445 16 28 8 708242
3 6439 48 159 8 708262
2 6446 16 28 6 708292
3 6440 48 159 8 708312
2 6447 16 28 7 708342
3 6441 48 159 4 708362
2 6448 16 28 7 708392
3 6442 48 159 8 708412
2 6449 16 28 6 708442
3 6443 48 159 8 708462
2 6450 16 28 7 708492
3 6444 48 159 7 708512
2 6451 16 28 7 708542
3 6445 48 159 7 708562
2 6452 16 28 7 708592
3 6446 48 159 7 708612
2 6453 16 28 7 708642
3 6447 48 159 4 708662
2 6454 16 28 6 708692
3 6448 48 159 6 708712
2 6455 16 28 7 708742
3 6449 48 159 7 708762
2 6456 16 28 6 708792
3 6450 48 159 7 708812
2 6457 16 28 7 708842
3 6451 48 159 6 708862
2 6458 16 28 7 708892
3 6452 48 159 8 708912
2 6459 16 28 8 708942
3 6453 48 159 8 708962
2 6460 16 28 7 708992
3 6454 48 159 6 709012
2 6461 16 28 8 709042
3 6455 48 159 7 709062
2 6462 16 28 7 709092
3 6456 48 159 7 709112
2 6463 16 28 6 709143
3 6457 48 159 6 709162
2 6464 16 28 7 709192
3 6458 48 159 6 709213
2 6465 16 28 7 709242
3 6459 48 159 6 709262
2 6466 16 28 2 709292
3 6460 48 159 8 709312
2 6467 16 28 7 709342
3 6461 48 159 6 709362
2 6468 16 28 3 709392
3 6462 48 159 7 709412
2 6469 16 28 8 709442
3 6463 48 159 6 709462
2 6470 16 28 7 709492
3 6464 48 159 9 709512
2 6471 16 28 6 709542
3 6465 48 159 7 709562
2 6472 16 28 7 709592
3 6466 48 159 6 709612
2 6473 16 28 6 709642
3 6467 48 159 3 709662
2 6474 16 28 7 709692
3 6468 48 159 7 709712
2 6475 16 28 7 709742
3 6469 48 159 8 709762
2 6476 16 28 8 709792
3 6470 48 159 6 709812
2 6477 16 28 7 709842
3 6471 48 159 7 709862
2 6478 16 28 5 709892
3 6472 48 159 8 709912
2 6479 16 28 7 709942
3 6473 48 159 7 709962
2 6480 16 28 7 709992
3 6474 48 159 7 710012
2 6481 16 28 6 710042
3 6475 48 159 7 710062
2 6482 16 28 7 710092
3 6476 48 159 7 710112
2 6483 16 28 5 710142
3 6477 48 159 7 710162
2 6484 16 28 7 710192
3 6478 48 159 7 710212
2 6485 16 28 7 710242
3 6479 48 159 7 710262
2 6486 16 28 9 710292
3 6480 48 159 4 710312
2 6487 16 28 8 710342
3 6481 48 159 7 710362
2 6488 16 28 6 710392
3 6482 48 159 8 710412
2 6489 16 28 7 710442
3 6483 48 159 7 710462
2 6490 16 28 6 710492
3 6484 48 159 7 710512
2 6491 16 28 7 710542
3 6485 48 159 5 710563
2 6492 16 28 4 710592
3 6486 48 159 8 710613
2 6493 16 28 7 710642
3 6487 48 159 7 710662
2 6494 16 28 8 710692
3 6488 48 159 7 710712
2 6495 16 28 8 710742
3 6489 48 159 0 710762
2 6496 16 28 7 710792
3 6490 48 159 7 710812
2 6497 16 28 7 710842
3 6491 48 159 7 710862
2 6498 16 28 6 710892
3 6492 48 159 7 710912
2 6499 16 28 6 710942
3 6493 48 159 7 710962
2 6500 16 28 7 710992
3 6494 48 159 10 711012
2 6501 16 28 6 711042
3 6495 48 159 7 711062
2 6502 16 28 7 711092
3 6496 48 159 8 711112
2 6503 16 28 7 711142
3 6497 48 159 7 711162
2 6504 16 28 8 711192
3 6498 48 159 7 711212
2 6505 16 28 8 711242
3 6499 48 159 11 711262
2 6506 16 28 8 711292
3 6500 48 159 7 711312
2 6507 16 28 6 711342
3 6501 48 159 6 711362
2 6508 16 28 8 711392
3 6502 48 159 7 711412
2 6509 16 28 6 711442
3 6503 48 159 8 711462
2 6510 16 28 7 711492
3 6504 48 159 9 711512
2 6511 16 28 7 711542
3 6505 48 159 6 711562
2 6512 16 28 9 711592
3 6506 48 159 8 711612
2 6513 16 28 6 711642
3 6507 48 159 6 711662
2 6514 16 28 7 711692
3 6508 48 159 6 711714
2 6515 16 28 6 711742
3 6509 48 159 7 711762
2 6516 16 28 7 711792
3 6510 48 159 7 711812
2 6517 16 28 7 711842
3 6511 48 159 7 711862
2 6518 16 28 6 711892
3 6512 48 159 7 711912
2 6519 16 28 8 711942
3 6513 48 159 7 711962
2 6520 16 28 8 711992
3 6514 48 159 6 712012
2 6521 16 28 8 712043
3 6515 48 159 6 712062
2 6522 16 28 7 712092
3 6516 48 159 6 712112
2 6523 16 28 8 712142
3 6517 48 159 8 712162
2 6524 16 28 6 712192
3 6518 48 159 5 712212
2 6525 16 28 5 712242
3 6519 48 159 7 712262
2 6526 16 28 6 712292
3 6520 48 159 6 712312
2 6527 16 28 8 712342
3 6521 48 159 6 712362
2 6528 16 28 8 712392
3 6522 48 159 7 712412
2 6529 16 28 9 712442
3 6523 48 159 7 712463
2 6530 16 28 7 712492
3 6524 48 159 7 712512
2 6531 16 28 8 712542
3 6525 48 159 8 712562
2 6532 16 28 7 712594
3 6526 48 159 6 712612
2 6533 16 28 7 712642
3 6527 48 159 7 712662
2 6534 16 28 7 712692
3 6528 48 159 15 712712
2 6535 16 28 6 712742
3 6529 48 159 7 712762
2 6536 16 28 6 712792
3 6530 48 159 8 712812
2 6537 16 28 7 712842
3 6531 48 159 8 712862
2 6538 16 28 7 712892
3 6532 48 159 8 712912
2 6539 16 28 7 712942
3 6533 48 159 7 712962
2 6540 16 28 5 712992
3 6534 48 159 7 713012
2 6541 16 28 6 713042
3 6535 48 159 6 713062
2 6542 16 28 7 713092
3 6536 48 159 7 713112
2 6543 16 28 7 713142
3 6537 48 159 7 713162
2 6544 16 28 7 713192
3 6538 48 159 7 713212
2 6545 16 28 7 713242
3 6539 48 159 7 713262
2 6546 16 28 7 713292
3 6540 48 159 7 713312
2 6547 16 28 8 713342
3 6541 48 159 7 713362
2 6548 16 28 7 713392
3 6542 48 159 7 713412
2 6549 16 28 7 713442
3 6543 48 159 7 713462
2 6550 16 28 6 713492
3 6544 48 159 8 713512
2 6551 16 28 7 713542
3 6545 48 159 8 713562
2 6552 16 28 6 713592
3 6546 48 159 6 713612
2 6553 16 28 6 713642
3 6547 48 159 7 713662
2 6554 16 28 7 713692
3 6548 48 159 7 713712
2 6555 16 28 7 713742
3 6549 48 159 8 713762
2 6556 16 28 7 713792
3 6550 48 159 6 713812
2 6557 16 28 8 713842
3 6551 48 159 7 713862
2 6558 16 28 8 713892
3 6552 48 159 7 713912
2 6559 16 28 7 713942
3 6553 48 159 8 713962
2 6560 16 28 6 713992
3 6554 48 159 8 714012
2 6561 16 28 7 714042
3 6555 48 159 7 714062
2 6562 16 28 7 714092
3 6557 48 159 7 714162
2 6563 16 28 7 714142
2 6564 16 28 8 714192
3 6558 48 159 7 714212
2 6565 16 28 7 714242
3 6559 48 159 8 714262
2 6566 16 28 8 714292
3 6560 48 159 7 714313
2 6567 16 28 8 714342
3 6561 48 159 6 714362
2 6568 16 28 6 714392
3 6562 48 159 8 714412
2 6569 16 28 4 714442
3 6563 48 159 6 714462
2 6570 16 28 7 714492
3 6564 48 159 10 714512
2 6571 16 28 8 714542
3 6565 48 159 7 714562
2 6572 16 28 7 714592
3 6566 48 159 8 714612
2 6573 16 28 8 714642
3 6567 48 159 6 714662
2 6574 16 28 5 714692
3 6568 48 159 5 714712
2 6575 16 28 8 714742
3 6569 48 159 3 714762
2 6576 16 28 7 714792
3 6570 48 159 7 714812
2 6577 16 28 6 714842
3 6571 48 159 4 714862
2 6578 16 28 8 714892
3 6572 48 159 7 714912
2 6579 16 28 7 714942
3 6573 48 159 3 714962
2 6580 16 28 6 714992
3 6574 48 159 7 715012
2 6581 16 28 7 715042
3 6575 48 159 7 715062
2 6582 16 28 9 715092
3 6576 48 159 8 715112
2 6583 16 28 8 715142
3 6577 48 159 8 715162
2 6584 16 28 7 715192
3 6578 48 159 8 715212
2 6585 16 28 2 715242
3 6579 48 159 8 715262
2 6586 16 28 6 715292
3 6580 48 159 7 715312
2 6587 16 28 1 715342
3 6581 48 159 7 715362
2 6588 16 28 6 715392
3 6582 48 159 8 715412
2 6589 16 28 6 715442
3 6583 48 159 7 715462
2 6590 16 28 10 715492
3 6584 48 159 7 715512
2 6591 16 28 8 715542
3 6585 48 159 8 715562
2 6592 16 28 7 715592
3 6586 48 159 7 715612
2 6593 16 28 7 715642
3 6587 48 159 8 715662
2 6594 16 28 7 715692
3 6588 48 159 7 715712
2 6595 16 28 6 715742
3 6589 48 159 0 715762
2 6596 16 28 6 715792
3 6590 48 159 7 715812
2 6597 16 28 7 715842
3 6591 48 159 6 715862
2 6598 16 28 7 715892
3 6592 48 159 7 715912
2 6599 16 28 6 715942
3 6593 48 159 6 715962
2 6600 16 28 7 715992
3 6594 48 159 4 716012
2 6601 16 28 7 716042
3 6595 48 159 8 716062
2 6602 16 28 4 716092
3 6596 48 159 7 716112
2 6603 16 28 7 716142
3 6597 48 159 7 716162
2 6604 16 28 7 716192
3 6598 48 159 7 716212
2 6605 16 28 6 716242
3 6599 48 159 8 716262
2 6606 16 28 8 716292
3 6600 48 159 7 716312
2 6607 16 28 7 716342
3 6601 48 159 7 716362
2 6608 16 28 6 716392
3 6602 48 159 7 716412
2 6609 16 28 7 716442
3 6603 48 159 7 716462
2 6610 16 28 7 716492
3 6604 48 159 7 716512
2 6611 16 28 7 716542
3 6605 48 159 3 716562
2 6612 16 28 7 716592
3 6606 48 159 6 716612
2 6613 16 28 8 716642
3 6607 48 159 8 716662
2 6614 16 28 7 716692
3 6608 48 159 7 716712
2 6615 16 28 7 716742
3 6609 48 159 10 716763
2 6616 16 28 8 716792
3 6610 48 159 7 716813
2 6617 16 28 8 716842
3 6611 48 159 7 716862
2 6618 16 28 7 716892
3 6612 48 159 8 716912
2 6619 16 28 6 716942
3 6613 48 159 6 716962
2 6620 16 28 7 716992
3 6614 48 159 7 717012
2 6621 16 28 4 717042
3 6615 48 159 8 717062
2 6622 16 28 7 717092
3 6616 48 159 7 717112
2 6623 16 28 7 717142
3 6617 48 159 7 717162
2 6624 16 28 7 717192
3 6618 48 159 7 717212
2 6625 16 28 8 717243
3 6619 48 159 7 717262
2 6626 16 28 4 717292
3 6620 48 159 6 717312
2 6627 16 28 7 717342
3 6621 48 159 0 717362
2 6628 16 28 7 717392
3 6622 48 159 8 717412
2 6629 16 28 7 717442
3 6623 48 159 4 717462
2 6630 16 28 9 717492
3 6624 48 159 8 717512
2 6631 16 28 7 717542
3 6625 48 159 6 717562
2 6632 16 28 6 717592
3 6626 48 159 7 717612
2 6633 16 28 8 717642
3 6627 48 159 5 717662
2 6634 16 28 8 717692
3 6628 48 159 6 717712
2 6635 16 28 5 717742
3 6629 48 159 7 717762
2 6636 16 28 9 717792
3 6630 48 159 5 717812
2 6637 16 28 7 717842
3 6631 48 159 9 717862
2 6638 16 28 7 717892
3 6632 48 159 7 717912
2 6639 16 28 6 717942
3 6633 48 159 7 717962
2 6640 16 28 6 717992
3 6634 48 159 8 718012
2 6641 16 28 7 718042
3 6635 48 159 0 718062
2 6642 16 28 6 718092
3 6636 48 159 5 718112
2 6643 16 28 7 718142
3 6637 48 159 8 718162
2 6644 16 28 11 718192
3 6638 48 159 7 718212
2 6645 16 28 7 718242
3 6639 48 159 8 718262
2 6646 16 28 7 718292
3 6640 48 159 4 718312
2 6647 16 28 6 718342
3 6641 48 159 7 718362
2 6648 16 28 8 718392
3 6642 48 159 7 718412
2 6649 16 28 6 718442
3 6643 48 159 7 718462
2 6650 16 28 8 718492
3 6644 48 159 4 718512
2 6651 16 28 8 718542
3 6645 48 159 9 718562
2 6652 16 28 7 718592
3 6646 48 159 7 718612
2 6653 16 28 7 718642
3 6647 48 159 8 718662
2 6654 16 28 5 718692
3 6648 48 159 7 718712
2 6655 16 28 8 718742
3 6649 48 159 7 718762
2 6656 16 28 6 718792
3 6650 48 159 8 718812
2 6657 16 28 7 718842
3 6651 48 159 5 718862
2 6658 16 28 7 718892
3 6652 48 159 5 718912
2 6659 16 28 7 718942
3 6653 48 159 7 718962
2 6660 16 28 7 718992
3 6654 48 159 7 719012
2 6661 16 28 8 719042
3 6655 48 159 7 719062
2 6662 16 28 9 719092
3 6656 48 159 8 719112
2 6663 16 28 6 719142
3 6657 48 159 7 719162
2 6664 16 28 7 719192
3 6658 48 159 11 719212
2 6665 16 28 7 719242
3 6659 48 159 7 719262
2 6666 16 28 7 719292
3 6660 48 159 6 719312
2 6667 16 28 7 719342
3 6661 48 159 7 719362
2 6668 16 28 7 719392
3 6662 48 159 7 719412
2 6669 16 28 9 719442
3 6663 48 159 7 719462
2 6670 16 28 7 719492
3 6664 48 159 7 719512
2 6671 16 28 7 719542
3 6665 48 159 7 719562
2 6672 16 28 5 719592
3 6666 48 159 7 719612
2 6673 16 28 6 719642
3 6667 48 159 7 719662
2 6674 16 28 7 719692
3 6668 48 159 7 719712
2 6675 16 28 7 719742
3 6669 48 159 8 719762
2 6676 16 28 7 719792
3 6670 48 159 6 719812
2 6677 16 28 6 719842
3 6671 48 159 5 719862
2 6678 16 28 8 719892
3 6672 48 159 7 719912
2 6679 16 28 8 719942
3 6673 48 159 7 719962
2 6680 16 28 7 719992
3 6674 48 159 6 720012
2 6681 16 28 8 720042
3 6675 48 159 7 720062
2 6682 16 28 6 720092
3 6676 48 159 7 720112
2 6683 16 28 7 720142
3 6677 48 159 7 720162
2 6684 16 28 7 720192
3 6678 48 159 7 720212
2 6685 16 28 7 720242
3 6679 48 159 8 720262
2 6686 16 28 7 720292
3 6680 48 159 8 720312
2 6687 16 28 7 720342
3 6681 48 159 6 720362
2 6688 16 28 8 720392
3 6682 48 159 7 720412
2 6689 16 28 8 720442
3 6683 48 159 7 720462
2 6690 16 28 7 720492
3 6684 48 159 8 720512
2 6691 16 28 6 720542
3 6685 48 159 7 720562
2 6692 16 28 6 720592
3 6686 48 159 7 720612
2 6693 16 28 4 720642
3 6687 48 159 7 720662
2 6694 16 28 7 720692
3 6688 48 159 7 720712
2 6695 16 28 8 720742
3 6689 48 159 7 720762
2 6696 16 28 7 720792
3 6690 48 159 6 720812
2 6697 16 28 7 720842
3 6691 48 159 4 720862
2 6698 16 28 8 720892
3 6692 48 159 7 720912
2 6699 16 28 7 720942
3 6693 48 159 7 720962
2 6700 16 28 6 720992
3 6694 48 159 7 721012
2 6701 16 28 6 721042
3 6695 48 159 7 721062
2 6702 16 28 8 721092
3 6696 48 159 7 721112
2 6703 16 28 6 721142
3 6697 48 159 8 721162
2 6704 16 28 7 721192
3 6698 48 159 9 721212
2 6705 16 28 7 721242
3 6699 48 159 7 721262
2 6706 16 28 7 721292
3 6700 48 159 6 721312
2 6707 16 28 8 721342
3 6701 48 159 7 721362
2 6708 16 28 6 721392
3 6702 48 159 7 721412
2 6709 16 28 6 721442
3 6703 48 159 5 721462
2 6710 16 28 7 721492
3 6704 48 159 7 721512
2 6711 16 28 7 721542
3 6705 48 159 7 721562
2 6712 16 28 6 721592
3 6706 48 159 6 721612
2 6713 16 28 8 721642
3 6707 48 159 7 721662
2 6714 16 28 8 721692
3 6708 48 159 4 721712
2 6715 16 28 7 721742
3 6709 48 159 7 721762
2 6716 16 28 7 721792
3 6710 48 159 6 721812
2 6717 16 28 6 721842
3 6711 48 159 7 721862
2 6718 16 28 7 721892
3 6712 48 159 6 721912
2 6719 16 28 7 721942
3 6713 48 159 9 721962
2 6720 16 28 7 721992
3 6714 48 159 7 722012
2 6721 16 28 7 722042
3 6715 48 159 6 722062
2 6722 16 28 8 722092
3 6716 48 159 9 722112
2 6723 16 28 8 722142
3 6717 48 159 5 722162
2 6724 16 28 7 722192
3 6718 48 159 7 722212
2 6725 16 28 7 722242
3 6719 48 159 7 722262
2 6726 16 28 7 722292
3 6720 48 159 6 722312
2 6727 16 28 4 722342
3 6721 48 159 7 722362
2 6728 16 28 6 722392
3 6722 48 159 8 722412
2 6729 16 28 7 722442
3 6723 48 159 8 722462
2 6730 16 28 7 722492
3 6724 48 159 7 722512
2 6731 16 28 8 722542
3 6725 48 159 8 722562
2 6732 16 28 8 722592
3 6726 48 159 7 722612
2 6733 16 28 7 722642
3 6727 48 159 8 722662
2 6734 16 28 5 722692
3 6728 48 159 7 722712
2 6735 16 28 6 722742
3 6729 48 159 3 722762
2 6736 16 28 4 722792
3 6730 48 159 7 722812
2 6737 16 28 6 722842
3 6731 48 159 8 722862
2 6738 16 28 7 722892
3 6732 48 159 7 722912
2 6739 16 28 7 722942
3 6733 48 159 7 722962
2 6740 16 28 10 722992
3 6734 48 159 8 723012
2 6741 16 28 7 723042
3 6735 48 159 8 723062
2 6742 16 28 7 723092
3 6736 48 159 6 723112
2 6743 16 28 7 723142
3 6737 48 159 7 723162
2 6744 16 28 7 723192
3 6738 48 159 7 723212
2 6745 16 28 6 723242
3 6739 48 159 7 723262
2 6746 16 28 5 723292
3 6740 48 159 7 723312
2 6747 16 28 6 723342
3 6741 48 159 7 723362
2 6748 16 28 7 723392
3 6742 48 159 7 723412
2 6749 16 28 7 723442
3 6743 48 159 7 723462
2 6750 16 28 7 723492
3 6744 48 159 9 723512
2 6751 16 28 7 723542
3 6745 48 159 7 723562
2 6752 16 28 7 723592
3 6746 48 159 6 723612
2 6753 16 28 6 723642
3 6747 48 159 8 723662
2 6754 16 28 5 723692
3 6748 48 159 8 723712
2 6755 16 28 7 723742
3 6749 48 159 0 723762
2 6756 16 28 7 723792
3 6750 48 159 7 723812
2 6757 16 28 8 723842
3 6751 48 159 7 723862
2 6758 16 28 7 723892
3 6752 48 159 6 723912
2 6759 16 28 6 723942
3 6753 48 159 7 723962
2 6760 16 28 0 723992
3 6754 48 159 8 724012
2 6761 16 28 12 724042
3 6755 48 159 7 724062
2 6762 16 28 7 724092
3 6756 48 159 7 724112
2 6763 16 28 6 724142
3 6757 48 159 6 724162
2 6764 16 28 7 724192
3 6758 48 159 8 724212
2 6765 16 28 7 724242
3 6759 48 159 8 724262
2 6766 16 28 7 724292
3 6760 48 159 6 724312
2 6767 16 28 7 724342
3 6761 48 159 8 724362
2 6768 16 28 7 724392
3 6762 48 159 8 724412
2 6769 16 28 7 724442
3 6763 48 159 6 724462
2 6770 16 28 6 724492
3 6764 48 159 7 724512
2 6771 16 28 7 724542
3 6765 48 159 7 724562
2 6772 16 28 6 724592
3 6766 48 159 6 724612
2 6773 16 28 8 724642
3 6767 48 159 7 724664
2 6774 16 28 7 724692
3 6768 48 159 6 724712
2 6775 16 28 7 724742
3 6769 48 159 7 724762
2 6776 16 28 7 724793
3 6770 48 159 7 724812
2 6777 16 28 7 724842
3 6771 48 159 7 724862
2 6778 16 28 7 724892
3 6772 48 159 8 724912
2 6779 16 28 7 724942
3 6773 48 159 7 724962
2 6780 16 28 6 724992
3 6774 48 159 7 725012
2 6781 16 28 7 725042
3 6775 48 159 7 725062
2 6782 16 28 8 725093
3 6776 48 159 3 725112
2 6783 16 28 7 725142
3 6777 48 159 8 725162
2 6784 16 28 8 725192
3 6778 48 159 7 725212
2 6785 16 28 7 725242
3 6779 48 159 7 725262
2 6786 16 28 6 725292
3 6780 48 159 7 725312
2 6787 16 28 7 725342
3 6781 48 159 8 725362
2 6788 16 28 6 725392
3 6782 48 159 5 725412
2 6789 16 28 7 725442
3 6783 48 159 7 725462
2 6790 16 28 7 725492
3 6784 48 159 7 725512
2 6791 16 28 7 725542
3 6785 48 159 8 725562
2 6792 16 28 7 725592
3 6786 48 159 6 725612
2 6793 16 28 7 725642
3 6787 48 159 7 725663
2 6794 16 28 7 725692
3 6788 48 159 7 725713
2 6795 16 28 7 725742
3 6789 48 159 6 725762
2 6796 16 28 6 725792
3 6790 48 159 7 725812
2 6797 16 28 7 725842
3 6791 48 159 8 725862
2 6798 16 28 6 725892
3 6792 48 159 7 725912
2 6799 16 28 6 725942
3 6793 48 159 6 725962
2 6800 16 28 7 725992
3 6794 48 159 4 726012
2 6801 16 28 7 726042
3 6795 48 159 6 726062
2 6802 16 28 6 726092
3 6796 48 159 7 726112
2 6803 16 28 8 726142
3 6797 48 159 6 726162
2 6804 16 28 1 726192
3 6798 48 159 10 726212
2 6805 16 28 6 726242
3 6799 48 159 6 726262
2 6806 16 28 6 726292
3 6800 48 159 4 726312
2 6807 16 28 6 726342
3 6801 48 159 7 726362
2 6808 16 28 7 726392
3 6802 48 159 7 726412
2 6809 16 28 6 726442
3 6803 48 159 4 726462
2 6810 16 28 6 726492
3 6804 48 159 7 726512
2 6811 16 28 7 726542
3 6805 48 159 6 726562
2 6812 16 28 7 726592
3 6806 48 159 8 726612
2 6813 16 28 7 726642
3 6807 48 159 9 726662
2 6814 16 28 8 726692
3 6808 48 159 7 726712
2 6815 16 28 7 726742
3 6809 48 159 7 726762
2 6816 16 28 7 726792
3 6810 48 159 7 726812
2 6817 16 28 7 726842
3 6811 48 159 7 726862
2 6818 16 28 8 726892
3 6812 48 159 9 726912
2 6819 16 28 7 726942
3 6813 48 159 7 726962
2 6820 16 28 7 726992
3 6814 48 159 7 727012
2 6821 16 28 7 727042
3 6816 48 159 7 727112
2 6823 16 28 6 727142
3 6817 48 159 8 727162
2 6824 16 28 8 727192
3 6818 48 159 7 727212
2 6825 16 28 7 727242
3 6819 48 159 4 727262
2 6826 16 28 7 727292
3 6820 48 159 7 727312
2 6827 16 28 7 727342
3 6821 48 159 7 727362
2 6828 16 28 7 727392
3 6822 48 159 7 727412
2 6829 16 28 8 727442
3 6823 48 159 8 727462
2 6830 16 28 7 727492
3 6824 48 159 7 727512
2 6831 16 28 7 727542
3 6825 48 159 8 727562
2 6832 16 28 6 727592
3 6826 48 159 6 727614
2 6833 16 28 4 727642
3 6827 48 159 7 727662
2 6834 16 28 7 727693
3 6828 48 159 8 727712
2 6835 16 28 7 727742
3 6829 48 159 8 727762
2 6836 16 28 7 727792
3 6830 48 159 8 727812
2 6837 16 28 7 727842
3 6831 48 159 7 727862
2 6838 16 28 8 727892
3 6832 48 159 8 727912
2 6839 16 28 6 727942
3 6833 48 159 5 727962
2 6840 16 28 7 727992
3 6834 48 159 7 728012
2 6841 16 28 6 728042
3 6835 48 159 6 728062
2 6842 16 28 7 728092
3 6836 48 159 4 728112
2 6843 16 28 7 728142
3 6837 48 159 5 728162
2 6844 16 28 7 728192
3 6838 48 159 5 728212
2 6845 16 28 7 728242
3 6839 48 159 7 728262
2 6846 16 28 7 728292
3 6840 48 159 5 728312
2 6847 16 28 7 728342
3 6841 48 159 7 728362
2 6848 16 28 5 728392
3 6842 48 159 8 728412
2 6849 16 28 7 728442
3 6843 48 159 7 728462
2 6850 16 28 6 728492
3 6844 48 159 8 728512
2 6851 16 28 2 728542
3 6845 48 159 7 728562
2 6852 16 28 8 728592
3 6846 48 159 7 728612
2 6853 16 28 8 728642
3 6847 48 159 7 728662
2 6854 16 28 8 728692
3 6848 48 159 7 728712
2 6855 16 28 7 728742
3 6849 48 159 6 728762
2 6856 16 28 7 728792
3 6850 48 159 7 728812
2 6857 16 28 7 728842
3 6851 48 159 7 728862
2 6858 16 28 6 728892
3 6852 48 159 8 728912
2 6859 16 28 7 728942
3 6853 48 159 7 728962
2 6860 16 28 7 728992
3 6854 48 159 8 729012
2 6861 16 28 10 729042
3 6855 48 159 7 729062
2 6862 16 28 6 729092
3 6856 48 159 7 729112
2 6863 16 28 8 729142
3 6857 48 159 7 729162
2 6864 16 28 8 729192
3 6858 48 159 7 729212
2 6865 16 28 9 729242
3 6859 48 159 7 729262
2 6866 16 28 7 729292
3 6860 48 159 9 729312
2 6867 16 28 6 729342
3 6861 48 159 7 729362
2 6868 16 28 7 729392
3 6862 48 159 7 729412
2 6869 16 28 7 729442
3 6863 48 159 9 729462
2 6870 16 28 7 729492
3 6864 48 159 7 729512
2 6871 16 28 7 729542
3 6865 48 159 7 729562
2 6872 16 28 3 729592
3 6866 48 159 7 729612
2 6873 16 28 7 729642
3 6867 48 159 9 729662
2 6874 16 28 5 729692
3 6868 48 159 7 729712
2 6875 16 28 0 729742
3 6869 48 159 7 729762
2 6876 16 28 7 729793
3 6870 48 159 7 729812
2 6877 16 28 6 729842
3 6871 48 159 7 729862
2 6878 16 28 8 729892
3 6872 48 159 7 729912
2 6879 16 28 7 729942
3 6873 48 159 6 729962
2 6880 16 28 7 729992
3 6874 48 159 7 730012
2 6881 16 28 7 730042
3 6875 48 159 7 730062
2 6882 16 28 4 730092
3 6876 48 159 8 730112
2 6883 16 28 7 730142
3 6877 48 159 12 730162
2 6884 16 28 7 730192
3 6878 48 159 7 730212
2 6885 16 28 6 730242
3 6879 48 159 8 730262
2 6886 16 28 5 730292
3 6880 48 159 8 730312
2 6887 16 28 8 730342
3 6881 48 159 7 730362
2 6888 16 28 0 730392
3 6882 48 159 7 730412
2 6889 16 28 8 730442
3 6883 48 159 7 730462
2 6890 16 28 7 730492
3 6884 48 159 8 730512
2 6891 16 28 7 730542
3 6885 48 159 3 730562
2 6892 16 28 6 730592
3 6886 48 159 7 730612
2 6893 16 28 7 730642
3 6887 48 159 7 730662
2 6894 16 28 6 730692
3 6888 48 159 7 730712
2 6895 16 28 7 730742
3 6889 48 159 7 730762
2 6896 16 28 7 730792
3 6890 48 159 4 730812
2 6897 16 28 8 730842
3 6891 48 159 7 730862
2 6898 16 28 7 730892
3 6892 48 159 7 730912
2 6899 16 28 7 730942
3 6893 48 159 7 730962
2 6900 16 28 4 730992
3 6894 48 159 7 731012
2 6901 16 28 6 731042
3 6895 48 159 7 731062
2 6902 16 28 6 731092
3 6896 48 159 6 731112
2 6903 16 28 7 731142
3 6897 48 159 7 731162
2 6904 16 28 7 731192
3 6898 48 159 8 731212
2 6905 16 28 7 731242
3 6899 48 159 7 731262
2 6906 16 28 8 731292
3 6900 48 159 7 731312
2 6907 16 28 7 731342
3 6901 48 159 4 731362
2 6908 16 28 7 731392
3 6902 48 159 7 731412
2 6909 16 28 7 731442
3 6903 48 159 6 731462
2 6910 16 28 7 731492
3 6904 48 159 7 731512
2 6911 16 28 6 731542
3 6905 48 159 7 731562
2 6912 16 28 7 731592
3 6906 48 159 8 731612
2 6913 16 28 8 731642
3 6907 48 159 7 731662
2 6914 16 28 7 731692
3 6908 48 159 7 731712
2 6915 16 28 7 731742
3 6909 48 159 7 731762
2 6916 16 28 7 731792
3 6910 48 159 7 731812
2 6917 16 28 7 731842
3 6911 48 159 7 731862
2 6918 16 28 6 731892
3 6912 48 159 7 731912
2 6919 16 28 5 731942
3 6913 48 159 7 731962
2 6920 16 28 6 731992
3 6914 48 159 8 732012
2 6921 16 28 6 732042
3 6915 48 159 7 732062
2 6922 16 28 7 732092
3 6916 48 159 8 732112
2 6923 16 28 5 732142
3 6917 48 159 7 732162
2 6924 16 28 7 732192
3 6918 48 159 7 732212
2 6925 16 28 7 732243
3 6919 48 159 6 732262
2 6926 16 28 7 732292
3 6920 48 159 7 732312
2 6927 16 28 7 732342
3 6921 48 159 6 732362
2 6928 16 28 6 732392
3 6922 48 159 7 732412
2 6929 16 28 7 732442
3 6923 48 159 8 732462
2 6930 16 28 7 732492
3 6924 48 159 7 732512
2 6931 16 28 7 732542
3 6925 48 159 7 732562
2 6932 16 28 7 732592
3 6926 48 159 7 732612
2 6933 16 28 8 732642
3 6927 48 159 7 732662
2 6934 16 28 6 732692
3 6928 48 159 7 732712
2 6935 16 28 6 732742
3 6929 48 159 6 732762
2 6936 16 28 6 732792
3 6930 48 159 9 732812
2 6937 16 28 6 732842
3 6931 48 159 7 732862
2 6938 16 28 7 732892
3 6932 48 159 8 732912
2 6939 16 28 4 732942
3 6933 48 159 8 732962
2 6940 16 28 8 732992
3 6934 48 159 7 733012
2 6941 16 28 7 733042
3 6935 48 159 7 733062
2 6942 16 28 6 733092
3 6936 48 159 7 733112
2 6943 16 28 7 733142
3 6937 48 159 6 733162
2 6944 16 28 6 733192
3 6938 48 159 7 733212
2 6945 16 28 7 733242
3 6939 48 159 5 733262
2 6946 16 28 7 733292
3 6940 48 159 7 733312
2 6947 16 28 7 733342
3 6941 48 159 9 733362
2 6948 16 28 7 733392
3 6942 48 159 7 733412
2 6949 16 28 8 733442
3 6943 48 159 7 733462
2 6950 16 28 7 733492
3 6944 48 159 6 733512
2 6951 16 28 7 733542
